78.7 67.5 1 231
86.4 67.5 1 232
93.5 66.9 1 236
87.9 65.8 1 240
77.8 64.9 1 242
87.9 63.2 1 244
80.3 61.1 1 249
90 61.6 1 250
96.4 61.7 1 251
69 61 1 254
77.9 60.4 1 255
114.3 66.3 1 260
123.4 66.8 1 261
100.2 64.3 1 263
116.9 64.2 1 264
121.6 63.8 1 265
108.4 62.8 1 267
117.7 62.2 1 268
108 61.3 1 270
102.3 60.3 1 271
125.3 60.8 1 273
129.7 62 1 274
74.4 56.9 1 318
78.2 59.2 1 326
83 58.3 1 327
92.2 58.5 1 328
97.5 58.4 1 329
81.9 57.1 1 330
84.9 56.5 1 331
92.8 56 1 332
98 55.9 1 333
86.1 55.2 1 334
78.4 55.3 1 335
99 54.9 1 336
89.2 53.3 1 338
91.7 53.7 1 339
78.6 53 1 340
99.8 52.5 1 341
106.2 59.3 1 342
112.6 59.5 1 343
121.8 59 1 344
108.1 57.8 1 345
101.8 57.3 1 346
118.3 56.9 1 347
124.9 56.8 1 348
109.6 55.8 1 349
107.6 55.2 1 350
124.9 56 1 351
105.2 54.8 1 352
113.6 54.5 1 353
113.1 54.6 1 354
109 53.4 1 355
109.6 53.6 1 356
119.7 53.8 1 357
124 54 1 358
104.3 52.3 1 359
113.5 52.1 1 361
117.7 52.3 1 362
103.6 51.5 1 363
107.6 51.8 1 364
110.5 51.3 1 365
119.6 51.3 1 366
106.5 50.4 1 367
112 49.6 1 368
116.5 50.4 1 369
125.4 58.6 1 370
138.2 56.5 1 373
128.9 54.7 1 374
127.6 50.3 1 380
130.1 49.4 1 382
131 47.7 1 383
81.2 51.5 1 433
84.6 51.7 1 434
80.3 50.4 1 437
103.6 48.8 1 513
106.1 48.9 1 514
114.5 48.1 1 515
107.5 47.3 1 522
108.2 46.5 1 523
110.7 47.3 1 524
119.8 49.2 1 586
123.9 47.4 1 587
88.1 47.7 1 588
31.1 70.4 2 8
26.7 67.4 2 33
25.7 62.2 2 34
28.2 61.1 2 35
25 60.3 2 36
33.1 69 2 210
43.3 68.7 2 211
32.3 67.1 2 212
37.1 67.3 2 213
34.3 66.7 2 214
31.2 65.2 2 215
34.8 65 2 216
40.5 64.5 2 217
47.6 64.8 2 218
47.6 64.8 2 219
42.9 62.1 2 220
38.1 63.9 2 221
30.7 61.7 2 222
34.3 61.8 2 223
36.5 61 2 224
38.9 61.5 2 225
40.2 61.7 2 226
46.7 61.2 2 227
28.7 60.7 2 228
53 67.6 2 230
60.8 66.5 2 233
52.3 65.4 2 237
56.9 66 2 238
57.1 65.1 2 239
60.9 64.3 2 241
65.1 63.9 2 243
56.2 62.7 2 245
60.9 62.4 2 246
50.8 61.7 2 248
56.5 60.4 2 252
60.5 60.7 2 253
24.8 59.4 2 287
30.3 60 2 288
33.6 59.6 2 289
24 58.1 2 290
28 57.8 2 291
21 56.5 2 292
30.6 56.3 2 293
23.8 54.9 2 294
25.1 54.6 2 295
32.1 54.8 2 296
27.5 53.9 2 297
33.8 52.6 2 298
39.9 59.3 2 299
45.8 57.9 2 300
40.9 57.7 2 301
44 56.3 2 302
36 55.5 2 303
49.2 55.8 2 304
37.6 55.8 2 305
41.7 55 2 306
39.7 54.6 2 307
39.3 53.8 2 308
41.3 52.8 2 309
58.9 58.5 2 311
53.5 56.8 2 315
57.8 56.7 2 316
60.6 56.8 2 317
55.8 54.7 2 323
50.5 53.3 2 325
29.8 52.3 2 399
30.5 50.4 2 401
32.9 50 2 402
36.3 52.3 2 406
36.2 51.8 2 407
37.4 51.2 2 408
45.5 51.6 2 409
35.8 50.8 2 410
36.3 49.9 2 411
43.7 49.8 2 412
46.7 48.2 2 413
9.1 62.1 3 11
10.9 63.5 3 13
5.3 60.4 3 14
9.1 60.6 3 15
4.9 59.3 3 16
5.6 58.9 3 17
8.1 58.1 3 18
8.8 58.4 3 19
10.5 59 3 20
10.7 60 3 21
17.9 62.6 3 26
13.5 59.4 3 27
17.9 59.4 3 28
14.1 57.8 3 29
17.1 57.4 3 30
18.3 57.7 3 31
13.2 55.7 3 32
12.5 55.7 3 63
5.2 52.1 3 64
6.6 53.1 3 65
6.7 52.1 3 66
4.4 50.8 3 67
6 49.5 3 68
7.6 47.5 3 69
8.6 47.4 3 70
9.4 47.3 3 71
6.1 46.3 3 72
7.3 46.2 3 73
9 46 3 74
3.1 50.6 3 75
7.6 48.6 3 77
-1.6 47.2 3 78
2.4 47.1 3 79
5.1 47.3 3 80
4.7 44.6 3 82
5.2 43.5 3 85
7.2 43.6 3 86
8.8 41.9 3 88
9.6 54.5 3 107
10 53.6 3 108
11.4 53.6 3 109
12.1 54.2 3 110
13.5 54.1 3 111
8.8 53.1 3 112
9.7 52.5 3 113
11.6 52.1 3 114
13.1 52.4 3 115
13.4 52.5 3 116
14.1 52.2 3 117
7 51.4 3 118
8.5 51.2 3 119
10.6 51.3 3 120
12.2 51.1 3 121
12.4 51.3 3 122
13.8 51.2 3 123
15 51 3 124
11 51 3 125
9.2 48.8 3 127
12.1 49.1 3 128
11.6 48.2 3 129
11 47.4 3 130
11 47.8 3 131
14.1 48.2 3 132
16.3 48.2 3 133
13 47.1 3 134
13 47.8 3 135
13.7 46.6 3 136
14.3 46.7 3 137
14.3 46.6 3 138
14.2 50.1 3 139
16.7 49.2 3 140
18.1 49.7 3 141
19.2 48.6 3 142
20.2 49.1 3 143
14.6 53.4 3 144
23.2 53.1 3 145
16.9 52.4 3 146
21 52.2 3 147
16.9 51.1 3 148
20 50 3 149
19.2 47.4 3 150
21.6 47.5 3 151
18.2 46 3 152
20.5 44.8 3 153
15.2 46.2 3 155
16 45.8 3 156
15.4 44.5 3 157
16.4 43.5 3 158
17.8 43.4 3 159
13.8 45.7 3 169
23.7 52.1 3 398
26.1 50.6 3 400
24 49.8 3 403
-82.6 45.9 4 709
-91.9 50.1 4 713
-84.4 33.7 4 734
-88.8 32.3 4 738
-78.8 35.9 4 758
-76.2 36.9 4 759
-81.1 34 4 760
-82.2 34.9 4 761
-80.7 35.2 4 762
-80 36.1 4 764
-85.2 35 4 765
-84 35.8 4 766
-86.7 36.1 4 767
-94.4 35.3 4 768
-95.9 36.2 4 770
-77.4 37.5 4 775
-80 37.3 4 776
-81.5 37.6 4 777
-81.6 38.4 4 778
-84.7 39.1 4 779
-84.6 38 4 780
-85.7 38.2 4 781
-82.6 38.4 4 782
-82.9 40 4 783
-84.2 39.9 4 784
-87.6 37.8 4 785
-91.1 38.8 4 786
-86.3 39.7 4 787
-89.7 39.8 4 788
-93.4 37.2 4 789
-92.2 38.8 4 790
-94.7 39.3 4 791
-97.4 37.7 4 792
-95.6 39.1 4 794
-73.9 40.8 4 801
-71.3 41.4 4 802
-72.7 41.9 4 803
-71.1 42.5 4 804
-75.7 41.3 4 805
-76 42.2 4 806
-75.4 40.7 4 807
-73.8 42.8 4 808
-76.1 43.1 4 809
-80.2 40.5 4 810
-81.4 40.9 4 811
-80.7 41.3 4 812
-80.2 42.1 4 813
-78.7 42.9 4 814
-77.7 43.1 4 815
-87.9 42 4 816
-89.7 40.7 4 817
-85.2 41 4 818
-86.3 41.7 4 819
-83.5 41.6 4 820
-90.5 41.5 4 821
-93.7 41.5 4 822
-98.3 41 4 823
-97.4 42 4 824
-96.4 42.4 4 825
-100.6 41.5 4 826
-71.5 43.2 4 835
-70.2 43.4 4 836
-73.2 44.5 4 837
-86.2 43.2 4 838
-83.8 43 4 839
-87.9 43 4 840
-89.3 43.1 4 841
-92.5 43.9 4 842
-88.1 44.4 4 843
-96.7 43.6 4 844
-98.2 44.4 4 845
-93.2 44.9 4 846
-84.4 46.5 4 854
-92.2 46.8 4 855
-71.2 42.2 4 875
-71.1 42.2 4 876
-122.5 53 5 701
-127.4 50.7 5 702
-110.3 54.4 5 703
-115.6 51.2 5 704
-105.7 53.2 5 715
-110.9 32.1 5 751
-112.9 32.4 5 752
-111.7 33.2 5 754
-115.2 36.1 5 773
-119.7 36.8 5 774
-101.7 39.4 5 795
-108.7 39.2 5 796
-121.8 38.5 5 797
-114.9 39.3 5 798
-119.8 39.5 5 799
-122.4 37.6 5 800
-104.8 41.1 5 827
-112 40.8 5 829
-108.7 42.8 5 830
-112.6 42.9 5 831
-117.8 40.9 5 832
-124.2 40.8 5 833
-122.9 42.4 5 834
-103.1 44.1 5 847
-107 44.8 5 848
-108.5 45.8 5 849
-116.6 43.6 5 850
-118.8 45.5 5 851
-122.6 45.6 5 852
-100.8 46.8 5 858
-106.6 48.2 5 859
-112 46.6 5 860
-114.1 47.3 5 861
-111.4 47.5 5 862
-120.5 46.6 5 863
-117.5 47.6 5 864
-123.9 46.2 5 865
-122.9 47.1 5 866
-122.3 47.5 5 867
-111.7 33.1 5 868
-108.3 46.9 5 869
-110.4 44.6 5 872
-120.1 39.2 5 873
-119.4 35.6 5 874
128.9 37.8 6 531
127 37.6 6 532
130.9 37.5 6 533
129.4 36 6 534
126.4 34.8 6 535
127.7 34.7 6 536
126.5 33.5 6 537
140.9 38.3 6 545
136.9 37.4 6 546
139.1 37.9 6 547
136.7 36.6 6 548
138.1 36.4 6 549
139.1 36.4 6 550
137 35.2 6 551
140.9 35.7 6 552
138.2 34.6 6 553
139.8 35.7 6 554
139.8 33.1 6 555
135.5 34.7 6 556
135.8 33.5 6 557
129.3 34.2 6 558
130.4 33.6 6 559
131.6 33.2 6 560
129.9 32.7 6 561
130.6 31.6 6 562
131.4 31.9 6 563
129.5 28.4 6 564
124.2 24.3 6 565
127.7 26.2 6 566
131.2 25.8 6 567
116.7 23.4 6 616
19.3 43.4 7 154
24.5 47.1 7 160
27.6 47.2 7 161
23.6 46.8 7 162
21.3 45.8 7 163
24.2 45.8 7 164
29.7 45.2 7 165
26.1 44.5 7 166
28.6 44.2 7 167
23.4 42.7 7 168
23.7 38 7 172
23.7 37.9 7 173
20.9 37.8 7 174
22 37.1 7 175
25.2 35.3 7 176
36.3 41.3 7 177
40.5 41 7 178
26.6 41.7 7 179
33.8 41.4 7 180
37 39.8 7 181
39.5 39.7 7 182
41.3 39.9 7 183
26.4 40.1 7 184
32.9 40 7 185
43.4 38.5 7 186
30.5 38.8 7 187
27.2 38.4 7 188
30.6 37.8 7 189
32.5 37.9 7 190
38.8 37.1 7 191
40.2 37.9 7 192
28.4 37.2 7 193
30.7 36.7 7 194
30.6 46.5 7 404
34.1 44.7 7 405
38.2 46 7 415
44.3 46.4 7 416
42 45.1 7 418
39.1 44.1 7 440
39.8 43.6 7 441
44.6 43.1 7 442
47.6 42.8 7 443
47.8 41.5 7 444
44.5 40.1 7 446
35 29.6 7 457
27.2 31.3 7 653
-0.7 44.8 8 81
1.4 43.6 8 83
4 43.6 8 84
2.9 42.7 8 87
-8.4 43.4 8 89
-3.8 43.5 8 90
-3.6 42.4 8 91
-4.7 41.7 8 92
-1 41.7 8 93
-5.5 40.9 8 94
-3.6 40.5 8 95
-2.5 41.8 8 96
-3.7 40.4 8 97
-0.4 39.5 8 98
0 40 8 99
-6.8 38.9 8 100
-5.9 37.4 8 101
-2.4 36.9 8 102
-5.4 36.2 8 103
-9.1 38.7 8 106
-5.5 33.9 8 620
-7.7 33.6 8 621
-8.8 31.6 8 622
3.3 36.7 8 625
1.3 36.2 8 627
2.2 36.3 8 628
2.8 36 8 629
-0.6 35.6 8 631
65.7 59.6 9 310
56.2 58 9 312
68.3 58.2 9 313
65.4 57.1 9 314
63.7 56.1 9 319
69.4 56.1 9 320
65.4 55.5 9 321
73.4 55 9 322
56 53.6 9 324
48 46.3 9 417
57.4 52.2 9 419
68.4 51.8 9 420
51.3 51.3 9 421
71.4 51.2 9 422
57.2 50.3 9 423
73.1 49.8 9 424
51.9 49.1 9 425
54.7 49.1 9 426
69.7 48.3 9 427
51.9 47.1 9 428
61.7 46.8 9 429
75.1 46.8 9 430
62.1 45.8 9 431
56.1 45.5 9 432
80.1 44.2 9 438
76.9 43.2 9 439
68.2 43.3 9 447
59.8 43 9 448
74.5 42.9 9 449
64.6 41.7 9 450
69.3 41.3 9 451
53 40 9 452
63.6 39.1 9 453
53.9 37.5 9 454
56.2 39 9 455
58.3 38 9 456
59.6 36.3 9 458
81.3 44 9 589
-162.6 66.9 10 684
-151.5 66.9 10 685
-165.4 64.5 10 686
-161.8 60.8 10 687
-155.6 63 10 688
-150.1 62.3 10 689
-147.9 64.8 10 690
-150 61.2 10 691
-156.7 58.7 10 694
-151.5 59.6 10 695
-139.7 59.5 10 696
-131.6 55 10 697
-131.8 53.3 10 700
-135.1 60.7 10 722
-139.1 64.1 10 723
-1.2 60.1 11 37
-2.9 59 11 38
-6.3 58.2 11 39
-2.2 57.2 11 40
-6.9 56.5 11 41
-3.2 55.3 11 42
-2.9 56.4 11 43
-4.5 53.3 11 44
-0.5 53.2 11 45
-6.2 54.7 11 46
-10.3 51.9 11 47
-8.5 51.9 11 48
-8.9 52.7 11 49
-6.3 53.4 11 50
-7.3 55.4 11 51
-4.4 48.5 11 76
140.7 53.2 12 377
136.5 52.4 12 379
133.7 45.9 12 384
136.6 45 12 385
131.4 44.4 12 386
131.9 43.1 12 387
143.1 21.9 12 389
142.2 50.9 12 390
143.1 49.2 12 391
142.2 48 12 392
142.7 46.9 12 393
145.9 44 12 394
141.7 45.4 12 538
144.3 44 12 539
141.3 43.1 12 540
145.6 43.3 12 541
142.8 42.2 12 542
140.8 41.8 12 543
140.1 39.7 12 544
-90.3 30 13 737
-94.8 29.3 13 739
-95.3 29.7 13 740
-93.8 32.5 13 741
-97.4 25.9 13 742
-98.5 29.5 13 743
-97.7 30.3 13 744
-97.2 31.6 13 745
-100.5 31.4 13 746
-102.2 32 13 747
-99.7 32.4 13 748
-101.8 33.7 13 749
-106.4 31.8 13 750
-97.6 35.4 13 769
-101.7 35.2 13 771
-100 37.8 13 793
57 30.3 14 461
69.5 31.4 14 467
70.9 31.8 14 468
74.3 31.6 14 469
66.9 30.3 14 470
71.4 30.2 14 471
64.4 28.9 14 472
68.7 28.3 14 473
64.1 27 14 474
69.8 25.5 14 476
67.1 24.9 14 477
74.8 34.1 14 478
74.9 31.6 14 479
73.2 28 14 481
77.2 28.6 14 482
73 26.3 14 484
75.8 22.7 14 492
138 76 15 203
148 70.6 15 207
133.4 67.6 15 259
143.2 66.4 15 262
143.2 63.3 15 266
148.2 62.8 15 269
153 67.5 15 277
150.9 65.7 15 280
160.5 65.2 15 281
152.4 62.9 15 284
150.8 59.6 15 286
1.5 14.2 16 638
5.3 14.9 16 639
2.2 13.5 16 641
5.3 13.8 16 642
7.1 13.5 16 643
9.1 13.8 16 644
12 13.2 16 645
-4.1 14.5 16 646
-0.1 14 16 676
-1.5 12.4 16 677
-59.2 47.6 17 705
-66.1 43.8 17 707
-71 48.3 17 708
-61.8 50.2 17 710
-60.4 53.3 17 711
-57 53.7 17 712
-68.4 58.1 17 717
-78.1 58.5 17 718
-83.4 64.2 17 719
-68 46.9 17 853
78.5 17.5 18 500
99 18.8 18 569
102.8 17.4 18 570
100.3 16.8 18 571
100.2 15.8 18 572
102.1 15 18 573
100.6 13.7 18 574
102.6 13.7 18 575
102.1 12.6 18 576
99.2 10.5 18 578
105 16.7 18 585
178.5 71 19 208
164.2 68.1 19 276
168 67.3 19 278
169.8 66.2 19 279
170.4 64.7 19 282
177.6 64.8 19 283
166.1 62.4 19 285
-81.8 24.6 20 724
-80.1 25.8 20 725
-80.1 26.7 20 726
-81.3 28.4 20 727
-81.7 30.5 20 728
-81.2 32.1 20 729
-80 32.9 20 730
-84.4 30.4 20 731
-83.7 32.7 20 732
-82 33.4 20 733
-88.2 30.7 20 735
-86.4 32.3 20 736
-75.6 35.3 20 757
-82.6 35.4 20 763
-77.5 25.1 20 887
-22.6 64 21 52
-21.9 64.1 21 53
-18.1 65.7 21 54
-15.2 64.3 21 55
-6.8 62 21 62
-69.3 10.1 22 899
-63.2 9.8 22 904
-67.4 7.9 22 908
-52.4 4.8 22 910
-60 -3.1 22 911
85.6 50.3 24 435
91.7 48 24 511
96.9 47.8 24 516
96.3 46.4 24 517
101.5 47.5 24 518
100.1 47.6 24 519
102.8 46.6 24 520
102.8 46.3 24 521
106.3 45.8 24 525
111.9 43.7 24 527
104.4 43.6 24 528
87.6 43.8 24 590
76 39.5 24 591
88.2 39 24 592
79.9 37.1 24 593
93.5 42.8 24 594
98.5 39.8 24 595
112 43.7 24 597
106.2 38.5 24 598
112.6 37.8 24 599
111.3 30.7 24 611
109.7 27.5 24 612
115.9 28.6 24 614
