    49.2    55.8       1   0.689     315
    38.1    63.9       1   0.808     232
    93.5    42.8       1   0.663     603
    44.3    46.4       1   0.544     427
    53.5    56.8       1   0.672     326
     2.4     6.4       1    0.42     684
    42.9    62.1       1   0.826     231
    51.9    49.1       1   0.546     436
   -80.1    25.8       1   0.544     734
    18.9    69.7       1    0.48      14
    47.6    64.8       1   0.695     229
      56    53.6       1   0.607     335
    14.4    67.3       1   0.609      20
      44    56.3       1   0.799     313
    38.9    61.5       1    0.85     236
   -81.8    24.6       1    0.44     733
   -80.1    26.7       1   0.609     735
    50.5    53.3       1   0.616     336
    45.8    57.9       1    0.82     311
    46.7    61.2       1   0.824     238
    -7.4     4.4       1   0.307     690
    46.7    48.2       1   0.545     424
    37.1    67.3       1   0.613     224
    40.2    61.7       1    0.84     237
    31.1    70.4       1   0.486      19
    50.8    61.7       1   0.739     259
    40.5    64.5       1   0.767     228
    23.2      70       1   0.584      16
    51.3    51.3       1   0.566     432
      48    46.3       1   0.538     428
    45.4    46.2       1   0.536     425
    41.3    52.8       2   0.775     320
    14.1    52.2       2   0.918     128
     9.7    52.5       2   0.906     124
      24    58.1       2   0.936     301
    36.3    49.9       2   0.805     422
    29.7    45.2       2   0.696     176
    35.8    50.8       2    0.83     421
    14.2    50.1       2   0.863     150
    43.7    49.8       2   0.658     423
    37.4    51.2       2   0.829     419
      20      50       2   0.871     160
    13.1    52.4       2   0.914     126
    12.1    54.2       2   0.923     121
    14.1    57.8       2   0.933      40
    18.5     4.4       2   0.193     681
    18.3    57.7       2   0.907      42
    20.2    49.1       2   0.797     154
    10.5      59       2   0.896      31
     8.8    53.1       2   0.885     123
     9.1    62.1       2   0.785      22
    13.2    55.7       2   0.929      43
    13.5    54.1       2   0.944     122
    47.6    64.8       2    0.84     230
    34.3    61.8       2   0.881     234
    25.7    62.2       2   0.877      45
    39.3    53.8       2   0.841     319
    -7.3    55.4       2   0.494      62
    24.8    59.4       2   0.881     298
      21    56.5       2   0.949     303
     8.1    58.1       2   0.875      29
     5.3    60.4       2   0.732      25
    -1.2    60.1       2   0.601      48
    25.5    69.5       2   0.605      18
    27.5    53.9       2   0.933     308
    22.5    68.4       2   0.693      33
   -77.5    25.1       2   0.476     896
    -4.5    53.3       2   0.633      55
    30.6    46.5       2   0.726     415
    23.7    52.1       2   0.933     409
    13.5    59.4       2   0.898      38
    -3.2    55.3       2    0.63      53
    45.5    51.6       2    0.69     420
    -6.3    58.2       2   0.467      50
    -2.9      59       2   0.574      49
    30.6    56.3       2   0.917     304
    -2.2    57.2       2   0.651      51
    13.8    51.2       2   0.895     134
   -88.3    17.5       2   0.386     898
    12.2    51.1       2   0.917     132
    30.5    50.4       2   0.878     412
    16.9    52.4       2   0.895     157
    12.5    55.7       2    0.91      74
    28.2    61.1       2   0.883      46
     8.5    51.2       2   0.858     130
       7    51.4       2    0.84     129
    34.3    66.7       2   0.657     225
    37.6    55.8       2   0.871     316
    12.4    51.3       2   0.903     133
    -8.9    52.7       2   0.475      60
    18.1    49.7       2   0.847     152
    11.4    53.6       2    0.91     120
    30.7    61.7       2    0.88     233
      11      51       2   0.901     136
    19.6    66.6       2   0.737      35
    39.9    59.3       2   0.863     310
    27.6    47.2       2    0.76     172
    16.7    49.2       2     0.8     151
    14.1    48.2       2   0.698     143
    25.1    54.6       2   0.909     306
    11.6    52.1       2    0.92     125
    17.9    59.4       2   0.922      39
    17.1    57.4       2   0.905      41
    10.9    63.5       2   0.788      24
     9.1    60.6       2   0.785      26
    32.1    54.8       2   0.931     307
     8.8    58.4       2   0.873      30
      24    49.8       2   0.858     414
    30.3      60       2   0.905     299
    36.2    51.8       2   0.842     418
    32.9      50       2   0.869     413
    36.3    52.3       2   0.864     417
   134.5     7.3       2    0.31     928
      18    66.9       2   0.684      34
    29.8    52.3       2   0.897     410
    -3.2    10.3       2   0.243     689
    33.8    52.6       2   0.894     309
    34.8      65       2   0.785     227
     9.6    63.7       2   0.727      23
   -10.3    51.9       2   0.397      58
      15      51       2   0.902     135
     6.7    52.1       2    0.85      77
     5.6    58.9       2   0.804      28
    41.7      55       2   0.827     317
    14.6    53.4       2   0.924     155
      28    57.8       2   0.919     302
    26.1    50.6       2   0.884     411
    23.2    53.1       2   0.924     156
    -6.3    53.4       2   0.571      61
     9.6    54.5       2    0.91     118
     6.5    62.9       2   0.659      21
    32.3    67.1       2   0.634     223
    31.2    65.2       2   0.786     226
    10.6    51.3       2    0.87     131
    16.3    48.2       2   0.828     144
    33.1      69       2   0.572     221
      10    53.6       2   0.902     119
    28.6    44.2       2   0.664     178
      21    52.2       2    0.92     158
    28.7    60.7       2   0.894     239
    17.9    62.6       2    0.81      37
    -0.5    53.2       2   0.726      56
    26.1    44.5       2   0.583     177
    10.7      60       2   0.843      32
    33.6    59.6       2     0.9     300
    26.7    67.4       2   0.711      44
    16.9    51.1       2   0.894     159
      36    55.5       2   0.901     314
    36.5      61       2   0.867     235
    38.2      46       2   0.482     426
    -6.2    54.7       2   0.556      57
     4.9    59.3       2   0.749      27
     6.6    53.1       2   0.855      76
    -2.9    56.4       2   0.646      54
    13.4    52.5       2   0.906     127
    40.9    57.7       2   0.861     312
     5.2    52.1       2   0.833      75
    14.5    63.2       2   0.795      36
    23.8    54.9       2   0.957     305
    39.7    54.6       2   0.832     318
      25    60.3       2   0.905      47
    -6.9    56.5       2   0.552      52
   125.3    60.8       3   0.672     284
    56.5    60.4       3   0.715     263
     112    49.6       3   0.775     379
      90    61.6       3   0.894     261
    80.3    61.1       3     0.9     260
    43.3    68.7       3   0.585     222
    80.1    44.2       3   0.673     449
    60.9    62.4       3   0.722     257
    56.2    62.7       3   0.716     256
    87.9    63.2       3   0.866     255
    77.8    64.9       3   0.726     253
    60.9    64.3       3   0.631     252
    87.9    65.8       3    0.81     251
    89.2    53.3       3   0.828     349
    56.9      66       3   0.627     249
    52.3    65.4       3   0.622     248
    93.5    66.9       3    0.78     247
    60.6    56.8       3    0.76     328
    60.8    66.5       3   0.623     244
    86.4    67.5       3    0.75     243
   114.1      72       3   0.327     215
    81.2    51.5       3   0.797     444
   129.7      62       3   0.753     285
     109    53.4       3   0.819     366
    78.6      53       3   0.824     351
    73.1    49.8       3   0.694     435
   109.6    53.6       3   0.793     367
    85.6    50.3       3   0.576     446
    56.1    45.5       3   0.564     443
    80.4    73.5       3   0.569     213
    54.7    49.1       3   0.552     437
    63.7    56.1       3   0.793     330
    62.1    45.8       3   0.509     442
   106.2    59.3       3   0.915     353
    84.9    56.5       3   0.928     342
    92.2    58.5       3   0.935     339
    75.1    46.8       3   0.588     441
    97.5    58.4       3   0.917     340
    80.3    50.4       3   0.802     448
   128.9    71.6       3   0.459     216
   108.1    57.8       3   0.901     356
   104.3    52.3       3   0.878     370
    57.4    52.2       3   0.587     430
   101.8    57.3       3   0.904     357
   124.9    56.8       3   0.809     359
   118.3    56.9       3   0.825     358
   109.6    55.8       3   0.822     360
   116.5    50.4       3   0.769     380
   110.5    51.3       3   0.675     376
   113.6    54.5       3   0.769     364
   105.2    54.8       3   0.867     363
   107.6    51.8       3   0.771     375
   111.6    52.5       3    0.79     371
   124.9      56       3   0.776     362
   113.5    52.1       3   0.722     372
      99    54.9       3   0.874     347
    71.4    51.2       3   0.702     433
   113.1    54.6       3   0.815     365
    58.9    58.5       3   0.758     322
    59.8      43       3   0.492     457
    96.4    61.7       3   0.893     262
   103.6    51.5       3   0.867     374
   121.8      59       3   0.807     355
      69      61       3   0.837     265
    91.7    53.7       3   0.776     350
    86.1    55.2       3   0.889     345
      83    58.3       3    0.91     338
    81.9    57.1       3   0.918     341
    78.2    59.2       3   0.914     337
    56.2      58       3   0.815     323
    66.7    66.5       3   0.602     245
    72.9    66.7       3    0.67     246
   103.6    48.8       3   0.678     522
    77.9    60.4       3   0.866     266
    74.4    56.9       3   0.879     329
    57.1    65.1       3   0.597     250
    55.8    54.7       3   0.718     334
    73.4      55       3   0.851     333
   112.6    59.5       3   0.867     354
    65.1    63.9       3   0.683     254
    65.4    55.5       3   0.773     332
    69.4    56.1       3   0.832     331
   102.8    46.3       3   0.656     530
    78.4    55.3       3   0.914     346
   123.5    41.7       3   0.702     610
    57.8    56.7       3   0.759     327
   125.4    58.6       3   0.871     381
    51.9    47.1       3   0.579     439
     124    68.7       3   0.729     269
    60.5    60.7       3   0.732     264
   106.3    45.8       3   0.652     534
   106.5    50.4       3   0.835     378
   110.7    47.3       3   0.693     533
   108.2    46.5       3   0.726     532
      98    55.9       3   0.904     344
    68.3    58.2       3   0.841     324
    78.7    67.5       3   0.678     242
   121.6    63.8       3   0.737     276
   116.3    39.9       3   0.749     611
   129.5    42.9       3   0.723     609
   102.5      72       3   0.462     212
   118.3    68.6       3   0.553     268
    87.6    43.8       3    0.61     599
   123.9    47.4       3   0.788     596
   119.8    49.2       3   0.666     595
    66.1    62.4       3    0.79     258
    61.7    69.7       3   0.489     240
   131.4    44.4       3   0.801     397
   107.6    55.2       3   0.878     361
   108.4    62.8       3   0.844     278
    84.6    51.7       3   0.866     445
      53    67.6       3    0.58     241
    99.8    52.5       3    0.59     352
    65.7    59.6       3   0.817     321
     114    70.1       3   0.403     217
   119.6    51.3       3   0.754     377
   117.7    62.2       3   0.787     279
     108    61.3       3   0.868     281
   134.5    60.4       3   0.679     286
    49.2    69.1       3   0.495     220
    61.7    46.8       3   0.548     440
    57.2    50.3       3   0.575     434
   102.3    60.3       3   0.887     282
   116.9    64.2       3    0.66     275
    69.7    48.3       3   0.677     438
   100.2    64.3       3   0.837     274
   110.1    44.9       3   0.699     535
    68.4    51.8       3   0.674     431
   123.4    66.8       3   0.686     272
    88.1    47.7       3   0.793     597
   107.5    47.3       3   0.757     531
    65.4    57.1       3   0.819     325
   114.3    66.3       3   0.616     271
   120.4    60.4       3   0.801     283
   133.4    67.6       3   0.484     270
   101.5    47.5       3   0.599     527
    92.8      56       3   0.922     343
    96.9    47.8       3   0.542     525
   114.5    48.1       3   0.735     524
   106.1    48.9       3   0.541     523
   112.4    68.5       3    0.56     267
   117.7    52.3       3   0.785     373
   -80.2    42.1       4    0.92     822
  -103.1    44.1       4   0.594     856
   -94.7    39.3       4   0.871     800
   -76.2    36.9       4   0.837     768
   -80.7    35.2       4   0.755     771
   -82.6    35.4       4   0.781     772
   -91.9    50.1       4   0.752     722
   -83.8      43       4   0.932     848
   -97.2    46.9       4   0.811     866
  -100.8    46.8       4    0.73     867
   -92.2    46.8       4   0.821     864
   -84.4    46.5       4   0.819     863
     -68    46.9       4    0.54     862
   -93.2    44.9       4   0.856     855
   -88.1    44.4       4   0.891     852
   -92.5    43.9       4   0.892     851
   -93.4    37.2       4    0.89     798
   -70.2    43.4       4    0.79     845
   -71.5    43.2       4   0.814     844
   -25.7    37.8       4   0.391     115
   -71.2    42.2       4   0.846     884
   -71.1    42.2       4   0.798     885
   -93.7    41.5       4   0.879     831
   -86.3    41.7       4   0.939     828
   -85.2      41       4   0.953     827
   -75.7    41.3       4   0.867     814
   -78.7    42.9       4    0.89     823
   -80.7    41.3       4   0.919     821
   -80.2    40.5       4   0.907     819
     -76    42.2       4   0.885     815
   -71.1    42.5       4    0.81     813
   -72.7    41.9       4   0.856     812
   -71.3    41.4       4   0.849     811
   -73.9    40.8       4    0.85     810
   -76.1    43.1       4   0.833     818
   -95.6    39.1       4   0.841     803
   -92.2    38.8       4   0.925     799
   -89.7    39.8       4   0.949     797
   -91.1    38.8       4   0.915     795
   -82.6    38.4       4    0.88     791
   -73.2    44.5       4    0.73     846
   -84.6      38       4   0.913     789
    -8.5    51.9       4   0.442      59
   -89.3    43.1       4   0.922     850
   -81.4    40.9       4   0.925     820
   -90.5    41.5       4   0.934     830
     -80    36.1       4   0.789     773
   -96.4    42.4       4   0.817     834
   -78.8    35.9       4   0.757     767
   -75.6    35.3       4   0.692     766
   -89.7    40.7       4   0.947     826
   -82.6    45.9       4   0.769     718
   -81.7    30.5       4   0.597     737
   -97.2    49.9       4   0.745     723
     -71    48.3       4   0.546     717
   -66.1    43.8       4   0.553     716
     -60    43.9       4   0.284     715
     -80    32.9       4   0.668     739
     -84    35.8       4   0.798     775
   -85.2      35       4   0.774     774
   -75.4    40.7       4   0.899     816
   -86.7    36.1       4   0.873     776
    54.1      17       4   0.315     474
   -81.5    37.6       4   0.858     786
   -84.7    39.1       4   0.939     788
     -80    37.3       4    0.85     785
   -77.4    37.5       4   0.852     784
   -77.7    43.1       4   0.869     824
   -87.6    37.8       4   0.914     794
   -86.3    39.7       4   0.969     796
   -84.2    39.9       4   0.944     793
   -82.9      40       4   0.922     792
   -98.3      41       4   0.772     832
   -81.6    38.4       4   0.865     787
   -85.7    38.2       4   0.911     790
   -97.4      42       4   0.767     833
   -83.5    41.6       4   0.943     829
   -96.7    43.6       4   0.791     853
   -87.9      43       4   0.919     849
   -86.2    43.2       4   0.909     847
   -93.4    48.6       4   0.782     865
   -98.2    44.4       4    0.78     854
   -87.9      42       4   0.946     825
   -73.8    42.8       4   0.829     817
    74.8    34.1       5   0.296     487
    66.9    30.3       5   0.429     479
    70.9    31.8       5   0.329     477
   138.1    36.4       5   0.935     558
   138.2    34.6       5   0.896     562
    76.9    43.2       5   0.535     450
   130.8    42.6       5   0.822     399
   131.9    43.1       5   0.812     398
   135.8    33.5       5   0.854     566
   129.9    32.7       5   0.855     570
    37.4    12.6       5   0.262     677
   130.4    33.6       5   0.886     568
    79.9    37.1       5   0.365     602
    88.2      39       5   0.501     601
      76    39.5       5   0.408     600
   126.5    33.5       5   0.827     546
   131.4    31.9       5   0.758     572
   130.6    31.6       5   0.737     571
   131.6    33.2       5   0.867     569
   129.3    34.2       5     0.9     567
   135.5    34.7       5   0.939     565
   139.8    35.7       5   0.929     563
   145.6    43.3       5   0.822     550
   140.9    35.7       5   0.893     561
     137    35.2       5   0.917     560
   139.1    36.4       5    0.95     559
   136.7    36.6       5   0.959     557
   139.1    37.9       5   0.968     556
   136.9    37.4       5   0.971     555
   140.1    39.7       5   0.947     553
   140.8    41.8       5   0.925     552
   142.8    42.2       5   0.867     551
   141.3    43.1       5   0.895     549
   144.3      44       5   0.834     548
   141.7    45.4       5   0.855     547
   140.9    38.3       5   0.934     554
   127.7    34.7       5   0.862     545
   126.4    34.8       5    0.89     544
   129.4      36       5    0.89     543
   130.9    37.5       5   0.897     542
     127    37.6       5   0.808     541
   128.9    37.8       5     0.9     540
   139.8    33.1       5     0.7     564
    91.7      48       6   0.402     520
      35    29.6       6    0.75     466
    39.8    43.6       6     0.8     452
    32.9      40       6   0.937     196
   -43.1      60       6   0.414      72
    41.3    39.9       6   0.648     194
    91.1    25.3       6   0.449     496
   167.7     8.7       6   0.335     926
   -87.2    14.1       6   0.263     899
    59.6    36.3       6   0.363     467
    47.6    42.8       6   0.484     454
    44.6    43.1       6   0.567     453
   -68.4    58.1       6   0.314     726
      42    45.1       6   0.465     429
    39.1    44.1       6   0.746     451
    34.1    44.7       6   0.628     416
   -60.4    53.3       6   0.422     720
    30.7    36.7       6   0.842     205
    28.4    37.2       6   0.854     204
    40.2    37.9       6   0.754     203
    38.8    37.1       6   0.854     202
    23.7      38       6   0.751     183
    32.5    37.9       6   0.933     201
    30.6    37.8       6   0.927     200
    27.2    38.4       6   0.908     199
    30.5    38.8       6   0.953     198
    43.4    38.5       6   0.679     197
    23.7    37.9       6   0.796     184
    26.4    40.1       6   0.857     195
    39.5    39.7       6   0.758     193
      37    39.8       6   0.877     192
    33.8    41.4       6   0.887     191
    26.6    41.7       6    0.73     190
    40.5      41       6   0.838     189
    47.8    41.5       6   0.536     455
     -57    53.7       6   0.392     721
   -61.8    50.2       6   0.355     719
    36.3    41.3       6   0.892     188
    25.2    35.3       6   0.779     187
      22    37.1       6   0.657     186
    20.9    37.8       6   0.568     185
    23.4    42.7       6   0.545     179
    24.2    45.8       6   0.552     175
    31.3    39.9       6   0.678     663
    27.2    31.3       6   0.614     662
    24.5    47.1       6   0.551     171
    19.9    39.6       6   0.606     182
    19.3    43.4       6   0.636     165
    39.2    21.7       6   0.476     472
    50.7    26.3       6   0.448     473
     9.2    48.8       7   0.925     138
      13    50.4       7   0.872     137
    -4.7    41.7       7   0.801     103
      -1    41.7       7   0.832     104
    -3.6    42.4       7   0.849     102
    -9.1    38.7       7   0.708     117
   -16.9    32.6       7   0.465     116
    -5.9    37.4       7   0.738     112
    -6.8    38.9       7   0.711     111
       0      40       7    0.84     110
    -0.4    39.5       7   0.735     109
    -3.7    40.4       7   0.831     108
    -2.5    41.8       7   0.856     107
    -3.6    40.5       7   0.827     106
    -5.5    40.9       7   0.776     105
    -3.8    43.5       7   0.755     101
    -8.4    43.4       7   0.696     100
     8.8    41.9       7   0.796      99
     2.9    42.7       7     0.9      98
     7.2    43.6       7   0.903      97
     5.2    43.5       7   0.903      96
    -4.3    11.2       7   0.237     688
    13.8    45.7       7   0.776     180
       4    43.6       7   0.942      95
     1.4    43.6       7   0.913      94
     4.7    44.6       7   0.926      93
    -0.7    44.8       7   0.876      92
    21.3    45.8       7   0.577     174
    23.6    46.8       7   0.585     173
     5.1    47.3       7   0.883      91
    17.8    43.4       7   0.621     170
     2.4    47.1       7   0.887      90
    16.4    43.5       7   0.691     169
    -1.6    47.2       7   0.768      89
    15.2    46.2       7   0.809     166
      16    45.8       7   0.777     167
     7.6    48.6       7   0.886      88
    20.5    44.8       7   0.618     164
    18.2      46       7   0.744     163
    -4.4    48.5       7   0.677      87
    21.6    47.5       7   0.665     162
     3.1    50.6       7   0.768      86
    19.2    47.4       7   0.739     161
       9      46       7   0.887      85
     7.3    46.2       7   0.864      84
     6.1    46.3       7   0.933      83
    19.2    48.6       7   0.755     153
     9.4    47.3       7   0.844      82
     8.6    47.4       7   0.932      81
    15.4    44.5       7   0.747     168
     7.6    47.5       7   0.931      80
    14.3    46.6       7   0.761     149
    14.3    46.7       7   0.836     148
    13.7    46.6       7   0.844     147
       6    49.5       7   0.875      79
      13    47.8       7   0.846     146
      13    47.1       7   0.816     145
     4.4    50.8       7   0.812      78
      11    47.8       7   0.922     142
      11    47.4       7   0.835     141
    11.6    48.2       7   0.851     140
    12.1    49.1       7   0.864     139
   -52.4     4.8       8   0.314     919
   -72.5     7.9       8   0.526     916
     -67    10.6       8   0.291     910
   -61.5    16.3       8   0.385     900
     -66    18.4       8   0.392     897
   -18.1    65.7       8   0.329      65
  -101.2    19.7       8    0.34     892
  -151.5    66.9       8   0.926     694
  -139.1    64.1       8   0.814     732
  -150.1    62.3       8   0.939     698
  -151.5    59.6       8   0.939     704
  -156.7    58.7       8   0.898     703
  -162.7    55.2       8   0.597     702
    -150    61.2       8   0.947     700
  -147.9    64.8       8   0.963     699
  -155.6      63       8   0.948     697
  -161.8    60.8       8   0.862     696
  -165.4    64.5       8   0.851     695
  -162.6    66.9       8   0.869     693
  -156.8    71.3       8    0.67     692
    83.5    53.4       8    0.26     348
   -67.4     7.9       9   0.265     917
   -99.2    19.4       9   0.239     893
   151.9     7.5       9    0.23     924
   178.5      71       9   0.625     219
     148    70.6       9   0.724     218
     138      76       9   0.584     214
  -170.2    57.2       9   0.545     701
   150.8    59.6       9   0.492     297
   166.1    62.4       9   0.847     296
   152.4    62.9       9   0.886     295
   177.6    64.8       9   0.849     294
   170.4    64.7       9   0.866     293
   160.5    65.2       9   0.899     292
   150.9    65.7       9   0.879     291
   169.8    66.2       9   0.746     290
     168    67.3       9   0.939     289
     153    67.5       9   0.823     288
   164.2    68.1       9   0.882     287
   148.2    62.8       9   0.692     280
   143.2    66.4       9   0.694     273
   -69.7    11.4      10   0.343     907
   -59.5    13.1      10   0.303     902
    -5.4    36.2      10   0.639     114
    -2.4    36.9      10   0.574     113
    14.5    35.9      10   0.791     181
    38.8       9      10   0.326     678
   -17.5    14.7      10   0.392     661
   -16.5      16      10   0.546     660
    10.2    36.8      10    0.91     644
     5.7    34.8      10   0.892     641
    -0.6    35.6      10   0.846     640
     8.1    35.5      10   0.919     639
     2.8      36      10   0.869     638
     2.2    36.3      10    0.92     637
     1.3    36.2      10   0.872     636
     6.6    36.3      10   0.958     635
     7.8    36.8      10   0.904     633
    -6.9    30.9      10   0.755     632
    -8.8    31.6      10   0.627     631
    -7.7    33.6      10   0.622     630
    -5.5    33.9      10   0.619     629
     3.3    36.7      10    0.93     634
    -2.2    31.6      10    0.86     642
      82    19.1      11   0.387     506
    69.1    22.4      11   0.377     500
    64.1      27      11   0.478     483
    64.4    28.9      11   0.548     481
    69.5    31.4      11   0.247     476
    70.1    33.9      11   0.198     475
   121.6    18.4      11   0.532     935
  -104.3    19.1      11     0.2     891
    88.7      50      11   0.332     447
   -62.3    10.6      11   0.401     912
   -16.3    28.5      11   0.481     628
   110.4      20      11   0.829     627
   108.4    22.8      11   0.805     626
   116.7    23.4      11   0.916     625
   113.3    23.1      11   0.851     624
     115    25.9      11    0.73     622
   103.4    23.4      11   0.707     618
   102.3    27.9      11   0.646     615
   131.2    25.8      11   0.613     576
   127.7    26.2      11   0.794     575
   124.2    24.3      11   0.881     574
   129.5    28.4      11   0.743     573
   120.7      22      11   0.798     539
   120.2      23      11   0.949     538
    81.1     6.1      12   0.387     519
    80.2      13      12   0.319     512
    81.2    16.2      12   0.357     511
   -37.6    65.6      12   0.466      71
      95    27.5      12   0.432     492
    61.8    25.1      12   0.352     484
    71.4    30.2      12    0.34     480
    74.3    31.6      12   0.254     478
   -63.2     9.8      12   0.394     913
   -52.8    68.7      12   0.371      67
   -61.1    14.6      12   0.311     901
   -21.9    64.1      12   0.365      64
   -22.6      64      12   0.347      63
     0.4    12.1      12   0.484     687
    -1.5    12.4      12   0.598     686
    -0.1      14      12   0.857     685
     2.9    11.1      12   0.317     682
    41.9     9.6      12   0.448     679
   -15.2    64.3      12   0.344      66
   -64.7    10.1      12   0.385     911
    37.2    19.6      12   0.469     666
    -5.7    11.4      12   0.277     659
    -7.5    11.4      12   0.333     658
      -8    12.5      12   0.204     657
    -6.2    13.4      12   0.565     656
    -4.1    14.5      12   0.661     655
      12    13.2      12     0.9     654
     9.1    13.8      12   0.959     653
     7.1    13.5      12     0.9     652
     5.3    13.8      12   0.884     651
     2.2    13.5      12   0.871     650
    13.1    14.3      12   0.841     649
     5.3    14.9      12   0.972     648
     1.5    14.2      12   0.918     647
       8      17      12   0.904     646
    12.9    18.7      12   0.805     645
     5.5    22.8      12   0.474     643
    97.2    31.2      12   0.447     614
    98.1    36.3      12   0.356     605
   -90.3      30      13   0.781     746
  -101.8    33.7      13   0.824     758
   -97.2    31.6      13   0.907     754
      53      40      13   0.406     461
   -96.1    19.2      13   0.375     894
  -101.3      21      13   0.304     889
   -97.9    22.2      13   0.499     888
  -100.6    41.5      13   0.646     835
  -101.7    39.4      13   0.655     804
    -100    37.8      13   0.838     802
   -97.4    37.7      13   0.884     801
  -101.7    35.2      13    0.84     780
   -95.9    36.2      13   0.924     779
   -97.6    35.4      13   0.909     778
   -94.4    35.3      13   0.907     777
   -82.2    34.9      13   0.727     770
   -81.1      34      13   0.703     769
   -99.7    32.4      13   0.866     757
  -102.2      32      13   0.732     756
  -100.5    31.4      13   0.821     755
   -97.7    30.3      13   0.892     753
   -98.5    29.5      13   0.812     752
   -97.4    25.9      13   0.747     751
   -93.8    32.5      13   0.925     750
   -95.3    29.7      13   0.825     749
   -94.8    29.3      13   0.869     748
   -88.8    32.3      13   0.789     747
   -86.4    32.3      13    0.71     745
   -88.2    30.7      13   0.784     744
   -84.4    33.7      13    0.73     743
     -82    33.4      13   0.673     742
   -83.7    32.7      13    0.72     741
   -84.4    30.4      13   0.598     740
   -81.2    32.1      13   0.671     738
   -81.3    28.4      13   0.537     736
   -89.7      21      13    0.34     890
      57    30.3      13   0.192     470
     -60    -3.1      14   0.195     920
   -71.2     8.6      14   0.375     914
   -75.5    10.5      14   0.288     905
     -69    12.2      14   0.374     904
  -111.2    39.7      14    0.59     880
  -123.9    46.2      14   0.801     874
  -106.6    48.2      14   0.631     868
  -124.2    40.8      14    0.72     842
  -135.1    60.7      14   0.866     731
  -127.2    54.8      14    0.89     730
  -122.6    58.8      14   0.664     729
  -126.6    49.4      14   0.872     725
  -105.7    53.2      14   0.628     724
  -115.6    51.2      14   0.767     713
  -110.3    54.4      14   0.687     712
  -127.4    50.7      14   0.925     711
  -122.5      53      14   0.867     710
  -131.8    53.3      14   0.835     709
  -114.8    55.3      14   0.742     708
  -117.2    58.6      14   0.675     707
  -131.6      55      14   0.926     706
  -139.7    59.5      14   0.828     705
    79.9     6.9      15   0.386     518
      77     8.5      15   0.381     517
    73.2     8.3      15   0.336     516
    79.3     9.3      15    0.32     515
    92.7    11.7      15   0.453     514
    77.6      13      15   0.427     513
    78.5    17.5      15   0.493     509
    73.9    18.5      15    0.56     508
    72.8    18.9      15   0.394     507
      77    20.7      15   0.481     505
    70.4    20.9      15   0.291     504
    79.1    21.1      15   0.386     503
    75.8    22.7      15   0.479     501
    78.8    23.9      15   0.456     499
    72.6    23.1      15    0.44     498
      73    26.3      15   0.374     493
    67.1    24.9      15   0.467     486
    68.7    28.3      15   0.295     482
   122.1     6.9      15   0.202     939
   123.8    13.2      15   0.602     937
   120.3    16.1      15   0.678     936
     114     4.4      15   0.489     933
     113     3.2      15   0.588     932
   110.3     1.5      15   0.562     931
   138.1     9.5      15   0.332     929
   -51.8    64.2      15   0.424      68
  -159.4      22      15   0.214     921
  -157.9    21.3      15   0.212     922
   -63.6     8.2      15   0.456     915
   -67.7    10.3      15   0.312     909
   -61.4    10.6      15   0.354     903
   -92.3    14.9      15   0.269     895
   -78.1    58.5      15   0.322     727
    98.9     3.6      15   0.639     930
   102.7      25      15   0.605     617
    91.1    29.7      15   0.448     613
   118.1     5.8      15   0.627     934
     105    16.7      15    0.69     594
   102.1    19.9      15   0.589     593
   102.3     2.3      15   0.478     592
   101.6     3.1      15    0.29     591
   102.3     6.2      15   0.671     590
   100.3     5.3      15   0.408     589
   100.6     7.2      15   0.613     588
    99.2    10.5      15   0.827     587
    99.9    11.8      15   0.885     586
   102.1    12.6      15   0.737     585
   102.6    13.7      15   0.915     584
   100.6    13.7      15   0.859     583
   102.1      15      15   0.926     582
   100.2    15.8      15   0.954     581
   100.3    16.8      15   0.928     580
   102.8    17.4      15   0.853     579
      99    18.8      15   0.889     578
     154    24.3      15   0.405     577
     125    11.2      15    0.35     938
    92.8    24.8      16   0.335     497
    91.6    26.1      16   0.481     495
      90      26      16   0.392     494
  -106.1    28.6      16   0.529     886
  -106.9    34.1      16   0.876     879
  -111.7    33.1      16   0.906     877
  -106.6    35.1      16   0.922     781
  -111.7    33.2      16   0.905     763
  -110.1    31.7      16   0.847     762
  -112.9    32.4      16   0.904     761
  -110.9    32.1      16   0.951     760
  -106.4    31.8      16   0.885     759
   143.2    59.4      16   0.379     382
    -6.1       5      16   0.263     691
   143.2    63.3      16   0.543     277
     166    55.2      17   0.501     408
   158.7      53      17   0.567     407
   160.8    56.3      17   0.453     406
   145.9      44      17   0.824     405
   142.7    46.9      17   0.858     404
   142.2      48      17   0.866     403
   143.1    49.2      17    0.84     402
   142.2    50.9      17   0.865     401
   143.1    51.5      17    0.88     400
   136.6      45      17   0.856     396
   133.7    45.9      17   0.796     395
     131    47.7      17   0.874     394
   130.1    49.4      17    0.87     393
   132.3    50.9      17   0.794     392
   127.6    50.3      17   0.839     391
   136.5    52.4      17   0.881     390
   129.9    52.4      17   0.839     389
   140.7    53.2      17   0.869     388
     133    53.1      17   0.917     387
   134.4    54.5      17   0.916     386
   128.9    54.7      17   0.782     385
   138.2    56.5      17   0.821     384
   136.1    57.6      17   0.684     383
     124      54      17   0.712     369
   119.7    53.8      17   0.752     368
     2.5       8      17   0.248     683
    39.6     0.5      17   0.243     680
    83.2    17.7      18    0.54     510
    -6.8      62      18   0.162      73
     -22    70.5      18   0.445      70
   -18.8    76.8      18   0.591      69
   -61.1     4.6      18   0.178     918
      24    71.1      18   0.451      17
    52.7    72.4      18   0.755     211
    80.4    73.5      18   0.565     210
     104    77.7      18    0.76     209
    14.2    78.1      18   0.901     208
      77    79.5      18   0.963     207
    58.1    80.6      18    0.98     206
      19    74.5      18    0.83      15
    15.5    78.3      18   0.901      13
     8.7    70.9      18   0.546      12
  -155.1    19.7      19   0.245     923
  -108.3    46.9      19   0.688     878
  -122.3    47.5      19   0.855     876
  -122.9    47.1      19   0.887     875
  -117.5    47.6      19   0.973     873
  -120.5    46.6      19   0.953     872
  -111.4    47.5      19   0.756     871
  -114.1    47.3      19    0.89     870
    -112    46.6      19   0.724     869
  -122.6    45.6      19   0.915     861
  -118.8    45.5      19   0.944     860
  -108.5    45.8      19    0.65     858
   -59.2    47.6      19   0.259     714
    34.1    12.7      19   0.159     676
   171.4     7.1      20   0.356     927
   158.2       7      20   0.211     925
  -119.4    35.6      20    0.69     883
  -120.1    39.2      20   0.775     882
  -110.4    44.6      20   0.753     881
  -116.6    43.6      20   0.758     859
    -107    44.8      20   0.643     857
  -122.9    42.4      20   0.681     843
  -117.8    40.9      20   0.921     841
  -112.6    42.9      20   0.939     840
  -108.7    42.8      20   0.718     839
    -112    40.8      20   0.956     838
  -106.4    42.6      20    0.77     837
  -104.8    41.1      20   0.678     836
  -122.4    37.6      20   0.441     809
  -119.8    39.5      20   0.817     808
  -114.9    39.3      20   0.862     807
  -121.8    38.5      20   0.618     806
  -108.7    39.2      20   0.737     805
  -119.7    36.8      20   0.731     783
  -115.2    36.1      20   0.818     782
  -118.2    34.1      20   0.431     765
  -117.2    32.7      20   0.532     764
    77.2    28.6      21   0.285     491
    73.2      28      21   0.429     490
    79.7    29.5      21    0.48     489
    69.8    25.5      21   0.397     485
    52.6    26.6      21    0.43     471
    51.7    32.6      21   0.419     469
    51.4    35.7      21   0.395     468
  -110.4    24.2      21   0.396     887
   -83.4    64.2      21   0.357     728
    30.2    13.2      21   0.954     675
    25.3    13.6      21   0.831     674
    35.4      14      21   0.283     673
    33.5    14.4      21   0.688     672
    32.3      14      21   0.831     671
    36.4    15.5      21   0.851     670
    32.6    15.6      21   0.915     669
      34    17.7      21   0.916     668
    31.9    18.6      21   0.718     667
    33.3    19.5      21    0.85     665
    32.8      24      21   0.647     664
    98.5      25      21   0.465     616
   100.2    49.6      22    0.63     521
    88.3    22.5      22   0.281     502
    74.9    31.6      22   0.273     488
    58.3      38      22    0.43     465
    56.2      39      22   0.387     464
    53.9    37.5      22   0.379     463
    63.6    39.1      22   0.439     462
    69.3    41.3      22   0.403     460
   -69.3    10.1      22   0.222     908
    64.6    41.7      22   0.533     459
   -76.4     3.6      22   0.285     906
    74.5    42.9      22   0.446     458
    68.2    43.3      22   0.391     456
   115.9    28.6      22   0.886     623
   109.7    27.5      22   0.876     621
   111.3    30.7      22    0.92     620
   113.7    34.7      22    0.93     619
   120.3    36.1      22   0.875     612
   112.6    37.8      22   0.849     608
   106.2    38.5      22    0.62     607
     112    43.7      22   0.651     606
    98.5    39.8      22   0.536     604
    81.3      44      22   0.607     598
   104.4    43.6      22   0.694     537
   111.9    43.7      22   0.652     536
   102.8    46.6      22   0.542     529
   100.1    47.6      22   0.404     528
    96.3    46.4      22   0.453     526
