   5.345   11.24   6.605     4.8   7.383   4.075   8.011   5.732   7.405   6.141   1.069   9.035   1.364   8.017   2.009
   5.329   11.18    6.52   4.739   7.308   4.084   8.018   5.701   7.394   6.057   1.055    9.04   1.382   7.967    2.01
   5.334   11.08   6.434   4.697   7.228   4.106    8.04   5.681   7.363   5.939   1.083   9.047   1.437   7.898   2.038
   5.367   10.95   6.363   4.677   7.162   4.138    8.08    5.67   7.312   5.792   1.152   9.051   1.522   7.809   2.091
   5.432   10.82    6.32   4.683   7.126   4.178   8.139   5.666   7.244   5.627   1.252   9.044   1.627   7.698   2.159
    5.53   10.69   6.312   4.712   7.129   4.221    8.21   5.666   7.163   5.455   1.368   9.026   1.739   7.566   2.235
   5.656   10.58   6.338   4.762    7.17   4.262    8.29   5.663   7.071    5.29   1.489   8.998    1.85   7.414   2.307
   5.801   10.51   6.393   4.826   7.243   4.299   8.369   5.654   6.976   5.147   1.599    8.96   1.949   7.246   2.365
   5.949   10.46   6.463   4.895   7.333   4.325    8.44   5.632   6.882    5.04   1.689   8.922   2.031   7.067   2.404
   6.085   10.47   6.535   4.963   7.424   4.338   8.494   5.598   6.794   4.978   1.754   8.895   2.093   6.883   2.418
   6.191   10.49   6.593   5.025   7.502   4.336   8.526   5.548   6.722   4.962   1.788   8.893   2.133   6.703   2.409
   6.252   10.55   6.626   5.075   7.553   4.317   8.533   5.486   6.668   4.995   1.792   8.928   2.155    6.54   2.378
   6.256   10.61   6.621    5.11    7.57   4.283   8.513   5.417   6.637   5.065   1.769   9.015   2.161   6.407   2.331
   6.197   10.67   6.576   5.133   7.548   4.235   8.469   5.354   6.628   5.161   1.725   9.159   2.157   6.322   2.276
   6.075   10.72   6.486   5.141   7.491   4.177    8.41   5.306   6.642   5.267   1.667   9.357   2.145   6.302   2.222
   5.895   10.74   6.357   5.139   7.404   4.115   8.343    5.29   6.672   5.369   1.606   9.599   2.128   6.363   2.175
   5.668   10.73   6.195    5.13   7.298   4.055   8.281   5.317   6.714   5.453   1.553   9.869    2.11   6.514   2.144
    5.41    10.7   6.011   5.115   7.183   4.004   8.232   5.394   6.758   5.513   1.517   10.14   2.092   6.748   2.131
   5.143   10.63   5.821   5.101   7.073   3.964   8.206   5.516   6.801    5.54   1.503    10.4   2.073    7.05   2.138
   4.887   10.53    5.64   5.088   6.977   3.942   8.206   5.677   6.834   5.535   1.514   10.63   2.059   7.394   2.166
   4.663   10.42   5.487    5.08   6.904   3.936   8.232   5.857   6.853   5.498   1.544   10.77   2.047   7.746   2.214
   4.488   10.31   5.375   5.073   6.858   3.944   8.276   6.038   6.857   5.435   1.587   10.87   2.039   8.073   2.279
   4.373    10.2   5.318   5.067   6.836   3.962   8.327   6.201   6.846   5.354   1.635   10.87   2.033   8.339   2.355
   4.323   10.11   5.319   5.062   6.832   3.984   8.373   6.327   6.822   5.265    1.68    10.8   2.026   8.519   2.438
   4.332   10.06   5.378   5.051   6.836   4.003   8.401   6.403   6.788   5.178   1.714   10.66   2.013   8.589   2.519
   4.393   10.03   5.483   5.033   6.836   4.017     8.4    6.42   6.749   5.105   1.733   10.45   1.991   8.544   2.588
   4.495   10.05   5.623   5.008    6.82   4.021   8.361   6.375    6.71   5.055   1.733    10.2   1.956   8.378   2.637
   4.625   10.09   5.781    4.97   6.781   4.013   8.281   6.269   6.678   5.033   1.712   9.921   1.905   8.102   2.658
   4.773   10.17   5.941   4.922    6.71   3.994   8.162    6.11   6.657   5.044    1.67   9.644   1.839   7.733   2.645
   4.927   10.25   6.091   4.864   6.606   3.969   8.007   5.907    6.65   5.082    1.61   9.387   1.765   7.298   2.598
   5.076   10.33   6.216   4.802   6.471   3.939   7.825   5.678    6.66   5.145   1.538   9.174   1.689   6.828   2.522
    5.21    10.4   6.312   4.738   6.313   3.908   7.627   5.439   6.686   5.223   1.463   9.014   1.622   6.358   2.424
   5.321   10.44   6.372   4.676   6.142   3.882   7.428   5.207   6.728   5.304   1.393   8.921   1.574   5.926   2.314
   5.401   10.45   6.396   4.623   5.973   3.864   7.241   5.002   6.779   5.379   1.343    8.89   1.551   5.567   2.211
   5.447   10.42   6.387   4.582   5.825   3.855    7.08    4.84   6.835    5.44   1.324   8.916   1.551   5.313   2.127
   5.456   10.35   6.349   4.557   5.715   3.858   6.957   4.735   6.888   5.481   1.343   8.982    1.57   5.185   2.076
   5.433   10.24   6.293    4.55   5.659   3.872   6.881   4.694   6.931   5.494   1.398   9.072   1.597   5.194    2.06
    5.38    10.1   6.228   4.559   5.668   3.895   6.855   4.719   6.957   5.481   1.484   9.159   1.625   5.335   2.076
   5.308   9.948   6.164   4.582   5.748   3.924   6.879   4.803   6.963   5.442   1.585   9.232   1.649   5.591   2.116
   5.223   9.786   6.113   4.614   5.892   3.955   6.948   4.936   6.944   5.382   1.692   9.274   1.666   5.935   2.169
   5.135   9.631   6.081   4.648   6.086   3.983   7.053     5.1   6.901   5.306   1.794   9.272   1.673   6.338   2.226
   5.051   9.497   6.076   4.681    6.31   4.005   7.185   5.279   6.837    5.22   1.881   9.228   1.674   6.769   2.281
   4.977   9.394   6.097   4.706   6.542   4.018    7.33   5.454   6.758   5.135   1.947   9.136   1.672     7.2   2.329
   4.917   9.334   6.142   4.718   6.759   4.018   7.478   5.609   6.669   5.057   1.989   9.011   1.672     7.6   2.368
   4.873   9.318   6.207   4.716    6.94   4.005   7.618   5.731   6.582   4.995   2.003   8.861   1.676   7.948   2.396
   4.843   9.349   6.283   4.701   7.068   3.979   7.742   5.811   6.504   4.954   1.987   8.704   1.685   8.223    2.41
   4.829   9.422   6.361   4.673   7.132   3.943   7.846   5.843   6.447   4.939   1.942   8.559   1.704   8.412   2.406
    4.83    9.53   6.435   4.636   7.127   3.901   7.927   5.825   6.415   4.949   1.872   8.443   1.733   8.508   2.383
   4.846   9.665   6.496   4.595   7.054   3.858   7.988   5.763   6.415   4.987    1.78   8.371   1.775   8.513   2.343
   4.878   9.822   6.542   4.556   6.921   3.817   8.031   5.666   6.446   5.047   1.672   8.355   1.831   8.431   2.286
   4.929   9.988   6.569   4.522   6.741   3.786   8.061   5.543   6.507   5.125   1.557   8.397     1.9   8.277   2.221
   4.998   10.16    6.58   4.501   6.535   3.767   8.086   5.406   6.593   5.216   1.445   8.494   1.981   8.065    2.16
   5.084   10.32   6.575   4.492   6.323   3.762   8.109   5.269   6.696   5.314   1.348   8.636   2.069   7.815   2.115
   5.185   10.48   6.559     4.5   6.129   3.773   8.134   5.145   6.807   5.414   1.275    8.81   2.159   7.547   2.098
   5.297   10.61   6.534   4.523   5.972   3.796   8.162   5.043    6.92    5.51   1.237   8.997   2.242   7.282   2.116
   5.413   10.73   6.505   4.557   5.867   3.829    8.19   4.967   7.024   5.601    1.23   9.182    2.31   7.036   2.169
   5.523   10.82   6.473   4.601   5.822   3.867   8.213   4.919   7.112    5.68   1.248   9.349   2.356   6.825   2.247
   5.617   10.87   6.441   4.648   5.832   3.906   8.227     4.9    7.18   5.746   1.283   9.484   2.375   6.661   2.338
   5.684   10.89   6.409   4.696   5.891    3.94   8.229   4.907   7.224   5.798   1.324    9.58   2.365   6.552   2.428
   5.717   10.87   6.379   4.738   5.979   3.964   8.211   4.933   7.242   5.836   1.367   9.627   2.328   6.501   2.504
   5.706   10.83    6.35   4.774    6.08   3.976   8.174   4.975   7.235   5.858   1.409   9.633   2.264   6.508   2.557
   5.649   10.75   6.321     4.8   6.178   3.974   8.116   5.029   7.211   5.863   1.448   9.591    2.18   6.569   2.581
   5.545   10.64   6.292    4.82   6.257   3.958   8.039   5.088   7.172   5.851   1.481   9.513   2.085   6.678   2.578
   5.398   10.52   6.263   4.833   6.306   3.932   7.947   5.149   7.128   5.822    1.51   9.405   1.984    6.83   2.547
   5.215   10.37   6.235   4.844   6.318     3.9   7.845   5.207   7.089   5.775   1.533   9.282   1.888   7.013   2.495
   5.011   10.22   6.206   4.858   6.288   3.867   7.741   5.257   7.063   5.713   1.551   9.152   1.805   7.218   2.427
   4.802   10.07   6.178   4.881   6.218   3.839    7.64   5.295   7.056   5.638   1.563   9.031   1.741   7.434   2.348
   4.606   9.929   6.151   4.918   6.112   3.822   7.553   5.319   7.076   5.552   1.567   8.924   1.701   7.647   2.261
    4.44     9.8   6.126   4.972   5.986   3.816   7.485   5.326   7.122   5.463   1.566    8.84   1.686   7.845   2.167
   4.319   9.692   6.106   5.042   5.854   3.825   7.443   5.318   7.189   5.374   1.559   8.781   1.696   8.018    2.07
   4.254   9.609   6.091   5.123   5.741   3.845   7.429   5.297   7.273   5.295   1.547   8.748    1.73   8.154   1.973
   4.245   9.547   6.083   5.212   5.672   3.873   7.442   5.267   7.363   5.235   1.531   8.739   1.783   8.245   1.885
   4.289   9.507   6.083     5.3   5.667   3.904   7.477   5.234    7.45     5.2   1.513   8.751   1.855   8.287   1.821
   4.375   9.484    6.09   5.379   5.739   3.935   7.525   5.202   7.521   5.197   1.494   8.781   1.943   8.278   1.797
   4.492   9.473   6.103   5.441   5.889   3.963   7.577   5.179    7.57    5.23   1.478   8.821   2.043   8.219   1.827
   4.626   9.464   6.118    5.48   6.103   3.984   7.622   5.167   7.588   5.299   1.463   8.871   2.154   8.118   1.915
   4.765   9.455   6.133   5.492   6.359   3.999    7.65   5.169   7.572   5.399   1.452   8.927    2.27   7.982   2.058
   4.896   9.443   6.144   5.474   6.631   4.009   7.654   5.185   7.522   5.524   1.444   8.985   2.385   7.823    2.24
   5.009   9.422   6.148   5.429   6.892   4.011   7.632   5.212   7.437    5.66   1.441   9.041   2.494   7.653   2.433
   5.094   9.394   6.147   5.359   7.118   4.009   7.584   5.247   7.324   5.795   1.442   9.095   2.586   7.486   2.616
   5.145   9.358   6.139   5.269    7.29   4.004   7.514   5.283   7.191   5.915   1.447   9.144   2.655   7.334    2.77
   5.159   9.321    6.13   5.169   7.396   3.997   7.427   5.316   7.044   6.008   1.457   9.182   2.695   7.207   2.879
   5.136   9.284   6.121   5.066   7.428   3.991   7.334    5.34   6.896   6.062   1.471   9.208   2.699   7.113   2.935
   5.083   9.256    6.12   4.973   7.385    3.99   7.245   5.353   6.756   6.071   1.491   9.216   2.666   7.057   2.933
   5.015   9.242    6.13     4.9   7.272   3.998   7.169   5.353   6.634    6.03   1.516   9.205   2.593   7.038   2.875
    4.95   9.248   6.155   4.855   7.098   4.021   7.116    5.34   6.539   5.941   1.547   9.168   2.486   7.055   2.768
   4.907   9.279   6.196   4.846   6.877    4.06   7.091   5.316   6.475   5.808   1.582   9.105   2.349   7.101   2.621
    4.91   9.336   6.254   4.876   6.624   4.118   7.098   5.284   6.445   5.639   1.622   9.017   2.189   7.171   2.446
   4.971   9.416   6.325   4.941   6.362   4.192   7.138   5.245   6.446   5.448   1.663   8.904   2.016   7.253   2.257
   5.097   9.512   6.406   5.037   6.112   4.277   7.207   5.205   6.474   5.248   1.704   8.772   1.842    7.34   2.071
   5.281   9.616   6.492    5.15   5.895   4.365   7.298   5.166   6.522   5.055   1.744   8.632   1.677   7.422   1.902
    5.51   9.716   6.576   5.272   5.731   4.447   7.404    5.13   6.581   4.884    1.78   8.491   1.533   7.492   1.763
   5.761   9.803   6.651   5.384    5.63   4.512   7.513   5.099   6.643   4.749   1.808   8.365    1.42   7.546   1.666
   6.011   9.865   6.712   5.476   5.598   4.553   7.617   5.079   6.699   4.661   1.828   8.266   1.346   7.582   1.619
   6.241   9.897   6.753   5.539   5.629   4.563   7.707   5.071   6.744   4.628   1.837   8.207   1.317   7.598   1.627
   6.431   9.895   6.771   5.564   5.709   4.539   7.779   5.079   6.776   4.653   1.832   8.199   1.333   7.597   1.687
   6.567   9.862   6.762   5.552   5.821   4.483   7.827    5.11   6.791    4.73   1.815   8.245   1.393   7.582   1.794
   6.641   9.799   6.729   5.498   5.947   4.396   7.852   5.161    6.79   4.853   1.782    8.35   1.485   7.556   1.936
   6.649   9.718   6.672    5.41   6.071   4.287   7.856   5.233   6.777    5.01   1.736   8.508   1.604   7.523     2.1
   6.591   9.627   6.597   5.295   6.179   4.163   7.843   5.325   6.755   5.187   1.678    8.71   1.737   7.485    2.27
   6.474   9.542    6.51   5.163   6.263   4.034    7.82   5.427   6.728   5.369   1.611   8.942   1.873   7.444   2.432
   6.309   9.475   6.418   5.025   6.316   3.911   7.794   5.534   6.702    5.54   1.535   9.192   1.999   7.402   2.571
   6.114   9.436   6.328   4.895   6.337   3.805   7.771   5.635    6.68   5.691   1.459   9.443   2.106    7.36   2.675
   5.909    9.44   6.247   4.783   6.328   3.725    7.76   5.722   6.664   5.808   1.386   9.678   2.184   7.321   2.738
   5.716   9.489   6.181     4.7   6.295   3.677   7.763   5.789   6.657   5.886   1.321   9.879    2.23   7.284   2.755
   5.556   9.585   6.133   4.652   6.248    3.67   7.785    5.83    6.66   5.923    1.27   10.03    2.24   7.254   2.726
   5.443   9.721   6.105   4.639   6.197   3.702   7.825   5.844   6.668   5.917   1.238   10.13   2.216   7.231   2.658
   5.385    9.89   6.096    4.66   6.157   3.769    7.88   5.833   6.681   5.876   1.226   10.17   2.165   7.216   2.561
   5.377   10.07   6.105   4.708    6.14   3.868   7.944   5.799   6.696   5.806   1.234   10.14   2.092   7.212   2.451
   5.407   10.24   6.129   4.777   6.156    3.99   8.012   5.748   6.707   5.715    1.26   10.05    2.01   7.219   2.345
   5.458   10.39   6.161   4.861   6.213   4.123   8.075   5.687   6.714   5.613   1.303   9.907   1.929    7.24   2.259
   5.512    10.5   6.197    4.95   6.308   4.256   8.128   5.624   6.715   5.509   1.362   9.732   1.859   7.273   2.208
   5.551   10.56   6.232   5.036   6.434    4.38   8.166   5.569    6.71    5.41   1.432   9.539   1.807   7.319   2.194
   5.565   10.55   6.259   5.113   6.582   4.485   8.185   5.524   6.698   5.317   1.512   9.346   1.775   7.378   2.216
   5.548   10.48   6.277   5.175   6.734   4.565   8.186   5.495   6.684   5.234   1.595   9.173   1.762   7.448   2.262
   5.498   10.36   6.282   5.217   6.878   4.615   8.169   5.482    6.67   5.162   1.674   9.027   1.764   7.521   2.323
   5.416   10.22   6.274   5.239       7   4.634   8.137   5.483   6.662   5.096   1.744    8.92   1.773   7.592   2.387
    5.31   10.06   6.253   5.238    7.09   4.621   8.094   5.493   6.663   5.037   1.797   8.852   1.787    7.65   2.444
   5.187   9.932   6.223   5.217   7.144   4.578   8.039   5.504   6.676   4.984   1.824   8.817   1.802   7.686   2.489
   5.058   9.837   6.186   5.176   7.157   4.508   7.978   5.509   6.703   4.936   1.824   8.808   1.814   7.689   2.517
   4.936   9.802   6.146    5.12   7.134   4.418    7.91   5.499   6.743   4.893   1.791   8.814   1.825    7.65   2.526
   4.838   9.837   6.107   5.051    7.08   4.311   7.835   5.469   6.794   4.858   1.724   8.824   1.834   7.566   2.517
   4.777   9.944    6.07   4.977   7.003   4.195   7.751   5.413   6.851   4.832   1.628   8.831   1.842   7.437   2.492
   4.766   10.11   6.039   4.898   6.911   4.073   7.658   5.332    6.91    4.82   1.505   8.829    1.85   7.266   2.455
   4.811   10.33   6.014   4.821   6.819   3.952   7.557   5.226   6.964   4.824   1.367   8.816   1.859   7.064   2.414
   4.909   10.57   5.998   4.749   6.734   3.838   7.448   5.102   7.009   4.847   1.226   8.791   1.872   6.844   2.373
   5.049   10.82   5.988   4.684   6.666   3.732   7.338   4.969    7.04   4.891   1.103   8.758   1.894   6.622   2.345
   5.214   11.05   5.986   4.627    6.62   3.637    7.23   4.837   7.053   4.959   1.019   8.719   1.928   6.417   2.337
   5.383   11.25   5.991   4.582   6.598   3.558   7.132    4.72   7.048   5.045  0.9871   8.681   1.977   6.247   2.356
   5.536   11.39   6.001   4.548   6.599   3.495   7.051   4.627   7.025   5.147  0.9986    8.65    2.04   6.127   2.405
   5.655   11.48   6.013   4.529   6.619   3.449   6.994   4.571   6.989   5.255   1.038   8.634   2.118   6.071   2.482
   5.727   11.48   6.027   4.523    6.65   3.423    6.97   4.557   6.943   5.362   1.091   8.638   2.205   6.085    2.58
   5.747   11.42   6.038   4.531   6.684   3.418   6.986   4.585   6.895   5.456   1.144    8.67   2.294   6.171   2.689
   5.713   11.29   6.046   4.553   6.715   3.435   7.048   4.656   6.852   5.531   1.191    8.73   2.378   6.324   2.798
   5.631   11.11   6.049   4.589   6.736   3.472   7.159   4.762   6.819    5.58    1.23    8.82   2.449   6.535   2.894
   5.512    10.9   6.046   4.638   6.743   3.531   7.323   4.896   6.805   5.599   1.262   8.935     2.5   6.791   2.967
   5.372   10.69   6.037   4.698   6.736   3.607   7.534    5.05   6.812   5.588   1.289    9.07   2.526   7.077   3.007
   5.226   10.51   6.021   4.767   6.715   3.697   7.785   5.214   6.842    5.55   1.315   9.212   2.525   7.372   3.008
   5.093   10.39   5.999   4.843   6.685   3.796   8.061    5.38   6.892   5.492   1.338   9.349   2.494   7.661   2.968
    4.99   10.35   5.971   4.922   6.651   3.898   8.343   5.535   6.958   5.419   1.357    9.48   2.437   7.925   2.887
   4.928   10.38   5.939       5   6.619   3.996   8.607   5.671   7.033   5.341   1.371   9.588   2.361   8.149    2.77
   4.915   10.48   5.901   5.075   6.593   4.086   8.831   5.776   7.108   5.265   1.376   9.671   2.273   8.321   2.624
   4.951   10.61    5.86   5.144   6.577   4.161   8.994   5.846   7.173   5.201   1.371   9.732   2.186   8.436   2.462
   5.028   10.73   5.816   5.207   6.572   4.218   9.077   5.874   7.219   5.155   1.359   9.769   2.113   8.489   2.301
   5.134   10.81   5.771    5.26   6.579   4.253   9.068   5.862   7.242   5.128   1.346   9.788   2.065   8.483   2.161
   5.255   10.84   5.729   5.306   6.591   4.267   8.966   5.813   7.235   5.125   1.342   9.797   2.048   8.425    2.06
   5.376   10.79   5.692   5.344   6.603    4.26   8.774   5.735   7.197    5.14   1.358   9.803   2.063   8.327   2.014
   5.485   10.66   5.665   5.376   6.611   4.234   8.508   5.641    7.13   5.171   1.398   9.816   2.103   8.201   2.027
   5.571   10.46    5.65   5.403   6.608   4.193   8.186   5.545   7.041   5.211   1.466   9.847   2.156   8.063   2.089
   5.626    10.2   5.652   5.426   6.589   4.143   7.832   5.462   6.934   5.252   1.549   9.897   2.213   7.925   2.186
   5.646   9.898   5.673   5.443   6.552    4.09   7.475   5.402   6.823   5.287   1.638   9.965    2.26   7.799   2.302
   5.631   9.572   5.713   5.454   6.495   4.037   7.143   5.369   6.716    5.31   1.722   10.05   2.291   7.691    2.42
   5.584   9.253   5.771   5.457   6.422   3.992   6.865   5.363   6.623   5.316   1.786   10.15   2.298   7.605   2.528
   5.516   8.971   5.844    5.45   6.339    3.96   6.666   5.381   6.554   5.305   1.825   10.25    2.28   7.539   2.615
   5.435   8.759   5.928    5.43   6.253   3.941   6.566   5.414   6.514   5.274   1.832   10.34   2.236   7.486   2.673
   5.356   8.652   6.018   5.395   6.178   3.937   6.578   5.451   6.505   5.233   1.806   10.43   2.169    7.44   2.697
   5.289   8.679   6.109   5.344   6.128   3.947   6.708   5.483   6.526   5.184   1.744    10.5    2.08   7.393   2.687
   5.246   8.859   6.194   5.277    6.12   3.968   6.948   5.506   6.571   5.137    1.65   10.52   1.976   7.337   2.639
   5.232   9.192   6.269   5.194   6.167   3.994   7.283   5.515   6.633     5.1    1.53   10.54   1.861   7.267   2.558
    5.25   9.656   6.329   5.096   6.277   4.021   7.688    5.51   6.706   5.079    1.39   10.51   1.743   7.178   2.448
   5.296   10.21   6.373   4.989   6.448   4.042   8.133   5.494   6.782   5.078   1.239   10.45   1.636   7.071   2.323
   5.365    10.8   6.398   4.876    6.67   4.054   8.586   5.467   6.853   5.099   1.089   10.38   1.552   6.945   2.197
   5.447   11.39   6.405   4.761   6.925   4.052   9.015   5.437   6.915   5.139  0.9548   10.28   1.507   6.804   2.089
   5.534   11.92   6.396   4.654    7.19   4.035   9.394   5.406   6.961   5.196  0.8581   10.17   1.513   6.653    2.02
   5.619   12.35   6.374   4.561   7.441   4.001   9.696   5.376    6.99   5.263  0.8283   10.08   1.572   6.499   2.006
   5.693   12.67   6.345   4.491   7.655   3.953   9.905   5.351   7.001   5.333  0.8697   9.984   1.673   6.349   2.047
   5.754   12.84   6.313    4.45   7.811   3.893   10.01   5.331   6.994   5.401  0.9545   9.906   1.798   6.211   2.133
   5.798   12.86   6.286   4.444   7.894   3.828   10.01   5.317   6.972   5.458   1.064   9.848   1.926   6.094   2.245
   5.825   12.74   6.267   4.474   7.896   3.764   9.902   5.305   6.942   5.501   1.184   9.805   2.042   6.006   2.363
   5.835   12.51   6.263   4.537   7.814   3.705   9.698   5.295   6.908   5.524   1.303   9.778   2.132   5.954   2.472
   5.834   12.16   6.274   4.628   7.651   3.661    9.42    5.28   6.879   5.527   1.412   9.761   2.189   5.942   2.558
   5.823   11.75   6.303   4.741   7.416   3.635   9.084   5.258   6.863   5.508   1.503   9.748   2.208   5.974   2.613
   5.809    11.3   6.347   4.863   7.127    3.63   8.715   5.225   6.867   5.469   1.573   9.733   2.192   6.049   2.631
   5.797   10.84   6.404   4.985   6.801   3.648    8.34   5.179   6.893   5.415   1.617   9.712   2.144   6.166   2.614
   5.791   10.42   6.467   5.099   6.464   3.686   7.982   5.121   6.943    5.35   1.637   9.684   2.072   6.318   2.562
   5.794   10.07   6.534   5.194    6.14   3.741   7.665    5.05   7.016   5.282   1.631   9.646   1.984   6.496   2.484
   5.805   9.796   6.597   5.269   5.859   3.806   7.405   4.973   7.104   5.219   1.607   9.595   1.893   6.691   2.386
   5.821   9.618   6.653   5.318   5.643   3.876   7.215   4.894   7.202   5.168   1.567   9.542   1.809   6.893   2.281
   5.836   9.535   6.698    5.34   5.513   3.946   7.098   4.819   7.299   5.132   1.521    9.49   1.745   7.088   2.179
   5.845   9.536   6.729    5.34   5.478   4.011   7.051   4.754   7.386   5.115   1.475   9.447   1.712   7.266   2.096
   5.839   9.602   6.744   5.319   5.534   4.069   7.065   4.704   7.456   5.117   1.437   9.423   1.717   7.416   2.045
   5.812   9.712   6.742   5.284   5.668   4.114   7.129   4.674   7.503   5.136   1.411   9.421   1.763   7.529   2.035
   5.763   9.841   6.723   5.241   5.859   4.149   7.229   4.663   7.522   5.163   1.401   9.451   1.847   7.598   2.069
    5.69    9.97    6.69   5.197   6.085   4.174    7.35    4.67   7.513   5.197   1.405    9.51    1.96   7.622    2.14
   5.596   10.08   6.645   5.157   6.322   4.188   7.481   4.697   7.475   5.232   1.419   9.596   2.091     7.6   2.242
   5.488   10.17    6.59   5.128   6.551   4.194   7.611   4.738   7.412   5.263   1.441   9.697   2.227   7.537   2.358
   5.372   10.23    6.53   5.111   6.756   4.195    7.73   4.791   7.326   5.287   1.464   9.804   2.352   7.443   2.476
   5.257   10.26   6.467   5.104   6.927   4.195   7.835   4.855   7.222   5.303   1.484   9.899   2.455    7.33   2.581
   5.152   10.27   6.405   5.108   7.055   4.195   7.919   4.925   7.105   5.312   1.496   9.975   2.526   7.213   2.664
   5.065   10.25   6.346   5.117   7.139   4.199   7.984   5.001   6.983   5.312     1.5   10.02    2.56   7.108   2.716
       5   10.23   6.291   5.125   7.182   4.207    8.03   5.079   6.858   5.309   1.492   10.02   2.556   7.031   2.735
   4.962   10.21   6.243   5.129   7.191    4.22    8.06   5.157   6.739   5.302   1.474   9.987    2.52   6.995   2.721
   4.953   10.19     6.2   5.122   7.177   4.234    8.08   5.234   6.626   5.295   1.446    9.91   2.458   7.008   2.679
   4.967   10.19   6.162   5.102   7.154   4.248   8.095   5.311   6.526    5.29   1.413   9.798   2.384   7.073   2.616
   5.001    10.2    6.13   5.068   7.133   4.258   8.111   5.388    6.44    5.29   1.384   9.664   2.311    7.19   2.544
    5.05   10.21   6.102   5.019   7.126   4.259   8.135   5.467    6.37   5.295   1.367    9.51   2.251   7.351   2.478
   5.105   10.24   6.077   4.959   7.141   4.248   8.169   5.552   6.317   5.307   1.372   9.355   2.211   7.546   2.431
   5.161   10.27   6.052   4.892   7.181   4.223    8.22   5.646   6.283   5.323   1.403   9.211   2.191   7.763   2.412
   5.211   10.29   6.027   4.823   7.241   4.181   8.287   5.751   6.268   5.343   1.462   9.094   2.187   7.986   2.426
   5.249    10.3   5.998   4.757   7.315   4.124    8.37   5.865   6.271   5.365    1.54   9.013   2.192   8.199   2.472
   5.272   10.29   5.966   4.699    7.39   4.052   8.468   5.985    6.29   5.388   1.629   8.974   2.196   8.386   2.542
   5.278   10.27   5.928   4.654   7.452    3.97   8.573   6.103   6.325   5.407   1.715   8.983   2.194   8.531   2.625
   5.269   10.23   5.888   4.621    7.49    3.88   8.677   6.213   6.373   5.426   1.789   9.031   2.183   8.622   2.709
   5.246   10.16   5.847     4.6   7.497    3.79   8.773   6.303   6.429   5.444   1.841   9.114   2.164   8.651   2.785
   5.212   10.08   5.808   4.589   7.463   3.704    8.85   6.367   6.493   5.463   1.864   9.214   2.139   8.614   2.845
   5.174   9.996   5.774   4.586   7.389   3.628   8.899   6.398   6.559   5.484   1.854   9.315   2.109   8.516   2.879
   5.133    9.92   5.748   4.584   7.276   3.568   8.911   6.392   6.623    5.51   1.809   9.403   2.077   8.369   2.885
   5.094   9.853   5.732   4.579   7.133   3.528   8.884   6.347   6.683   5.545    1.73   9.461    2.04   8.193    2.86
   5.058   9.805   5.729   4.568   6.971   3.512   8.812   6.268   6.736   5.588   1.622   9.479   1.999    8.01   2.806
   5.028   9.777   5.737   4.552   6.802   3.519     8.7   6.158    6.78    5.64   1.489   9.451   1.951   7.849   2.728
       5   9.767   5.757   4.526   6.642   3.551   8.551   6.024   6.812     5.7   1.343   9.377     1.9   7.731   2.633
   4.976   9.774   5.788   4.495   6.504   3.605   8.376   5.877   6.833   5.766   1.195   9.264    1.85   7.673   2.535
   4.953   9.792   5.827   4.461   6.401   3.678   8.184   5.728   6.842   5.832   1.063   9.115   1.811    7.68   2.447
    4.93   9.813    5.87   4.432   6.342   3.766   7.989   5.587   6.841   5.895   0.972    8.95   1.797   7.747    2.38
   4.908   9.835   5.915   4.414   6.327   3.862   7.805   5.465   6.834   5.947  0.9526   8.781    1.82   7.858   2.345
   4.887   9.853   5.955   4.415   6.354   3.962   7.645   5.373   6.823   5.984   1.008   8.625   1.881   7.997   2.347
   4.869   9.868   5.988   4.441   6.414   4.059   7.521   5.317   6.811   5.998   1.117   8.496   1.976   8.143   2.379
   4.857    9.88   6.011   4.497   6.495   4.148   7.441     5.3   6.803   5.985   1.257   8.406    2.09   8.282   2.434
   4.852   9.895    6.02   4.581   6.584   4.224   7.409   5.324   6.798   5.942   1.411   8.361   2.207   8.399   2.501
   4.858   9.917   6.015   4.691   6.667   4.283   7.427   5.381   6.799   5.871   1.566   8.362   2.313   8.488   2.566
   4.872   9.947   5.995   4.821   6.735   4.321   7.491   5.467   6.806   5.773   1.712   8.408   2.393   8.542    2.62
   4.893   9.991    5.96    4.96   6.779   4.338   7.593   5.569   6.816   5.656    1.84   8.493   2.439    8.56   2.656
   4.917   10.05   5.911   5.096   6.796   4.334   7.722   5.674   6.827    5.53   1.942   8.602    2.45   8.542   2.668
    4.94   10.11   5.852   5.218   6.785   4.309   7.868   5.772   6.837   5.406   2.013   8.727   2.426   8.489   2.656
   4.957   10.19   5.782   5.317   6.753   4.266   8.018   5.855   6.842   5.297   2.047   8.852   2.372   8.402   2.619
   4.962   10.27    5.71   5.383   6.706    4.21    8.16   5.914    6.84   5.215   2.043   8.964   2.296   8.288   2.563
   4.951   10.34   5.637   5.411   6.654   4.142   8.283   5.945   6.829   5.165   2.001   9.054    2.21   8.158   2.491
   4.922   10.41   5.569   5.398   6.605   4.069   8.375   5.946    6.81   5.151   1.922   9.115   2.128   8.022   2.411
   4.872   10.46   5.514   5.347    6.57   3.995    8.43   5.917   6.784   5.174   1.812   9.142   2.062   7.893    2.33
   4.798   10.49   5.474   5.262   6.552   3.923   8.441   5.863   6.753   5.225   1.677   9.139   2.026   7.786    2.26
   4.704   10.49   5.454   5.153   6.556   3.856   8.409   5.788   6.722   5.299   1.528   9.112    2.03   7.712    2.21
   4.591   10.47   5.457   5.029   6.578   3.799   8.336   5.698   6.698   5.384   1.375   9.072   2.076   7.676   2.188
   4.464   10.43   5.482   4.906   6.615   3.753   8.229     5.6   6.685    5.47   1.233   9.033   2.161   7.679   2.196
   4.332   10.37   5.527   4.794   6.661   3.719   8.099   5.504    6.69   5.553   1.117   9.006   2.277   7.715   2.234
   4.205   10.29   5.586   4.707   6.708   3.696   7.963   5.415   6.716   5.622   1.044   9.001   2.408   7.773   2.294
   4.094   10.21   5.654   4.654   6.748   3.687   7.835   5.343   6.763   5.675   1.023   9.023   2.542    7.84   2.367
   4.011   10.13   5.724   4.642   6.774    3.69   7.731   5.295   6.831   5.709   1.051   9.068   2.664   7.901   2.441
    3.97   10.05   5.788   4.671   6.781   3.703   7.664   5.276   6.912    5.72   1.112   9.134    2.76    7.95   2.505
   3.981   9.991    5.84   4.734   6.765   3.726   7.638    5.29       7   5.709   1.193   9.203   2.819   7.981   2.551
   4.049   9.935   5.877   4.824   6.727   3.758   7.655   5.339   7.088   5.679    1.28   9.265   2.836   7.993   2.574
   4.174   9.888   5.898   4.929    6.67   3.797   7.709   5.418   7.166    5.63   1.366   9.307   2.807   7.989    2.57
   4.348    9.85     5.9   5.036   6.603    3.84   7.789   5.524   7.225   5.572   1.443   9.319   2.732   7.978   2.541
   4.559   9.819   5.885   5.135   6.534   3.886   7.884   5.649   7.259   5.507   1.508   9.294   2.619   7.967   2.489
   4.791   9.792   5.856   5.214   6.477   3.934   7.985   5.782   7.263    5.44    1.56    9.23   2.475   7.967   2.423
   5.028    9.77   5.815   5.265   6.443   3.983   8.083   5.916   7.236    5.38   1.597    9.13   2.316   7.983   2.352
   5.253   9.752   5.765   5.282    6.44   4.031   8.172   6.041   7.175   5.327    1.62   8.996   2.156   8.024   2.286
   5.452   9.737   5.711   5.263   6.471   4.078   8.247   6.149   7.084   5.283   1.632   8.835   2.012   8.087   2.234
   5.612   9.725   5.658   5.208   6.532   4.123   8.306   6.231    6.97   5.247   1.637   8.661   1.898    8.17   2.202
   5.727   9.714    5.61   5.124   6.613   4.165   8.345   6.282   6.842   5.217   1.636   8.483   1.822   8.265   2.194
   5.788   9.708   5.575   5.016   6.699   4.204   8.364   6.295   6.709   5.191    1.63   8.315   1.783   8.363   2.209
   5.796   9.707   5.557   4.896   6.769   4.239   8.364    6.27   6.585   5.164   1.622   8.175   1.775   8.448    2.24
   5.752   9.719   5.562   4.781   6.809   4.267   8.347   6.205   6.485   5.137   1.614   8.079   1.789   8.509   2.279
   5.665   9.749   5.593   4.681   6.805   4.286   8.321   6.103    6.42   5.106   1.602   8.043   1.815   8.531    2.32
   5.543   9.807   5.653   4.609    6.75   4.291   8.294   5.966   6.399   5.075    1.59    8.08   1.846   8.503   2.357
   5.399   9.902   5.738   4.574   6.643    4.28   8.277   5.802   6.428   5.048   1.574   8.194   1.877   8.422   2.386
   5.248   10.04   5.845   4.579   6.487   4.248   8.282   5.621   6.504   5.027   1.555   8.381   1.907   8.288   2.402
   5.105   10.23   5.968   4.618   6.293   4.196   8.313    5.43   6.619   5.019   1.534   8.629   1.932   8.105   2.403
   4.982   10.45     6.1   4.688   6.072   4.121   8.378   5.241   6.763   5.027   1.511   8.915   1.952   7.888    2.39
   4.889    10.7   6.234   4.774   5.841   4.025   8.474   5.065   6.922   5.055   1.489   9.216   1.966    7.65   2.362
   4.832   10.96   6.365   4.868   5.619    3.91   8.591   4.914   7.082   5.101   1.469   9.507   1.972   7.414   2.321
   4.807    11.2   6.487   4.959   5.425   3.781   8.719   4.797    7.23   5.166   1.453   9.763   1.972   7.196   2.271
   4.812    11.4   6.597   5.039   5.279   3.644    8.84    4.72   7.357   5.244   1.445   9.966   1.969   7.014   2.214
   4.837   11.54   6.695   5.104   5.198   3.507   8.939   4.689   7.457   5.327   1.447   10.11   1.967   6.879   2.158
   4.873    11.6   6.781   5.151   5.196   3.377   9.006   4.702   7.523   5.409   1.463   10.17   1.971   6.794   2.113
   4.911   11.58   6.853   5.178   5.276   3.259   9.029   4.755   7.559   5.477   1.492   10.18   1.987    6.76   2.087
   4.945   11.46   6.915   5.185   5.432   3.162   9.006   4.841   7.564   5.523   1.534    10.1   2.021   6.771   2.088
   4.967   11.27   6.967   5.178   5.646   3.089   8.935    4.95   7.544    5.54   1.588   9.981   2.071   6.821   2.121
   4.977   11.02   7.009   5.157   5.894   3.045   8.822   5.069   7.506   5.519   1.649   9.814   2.134   6.902   2.187
   4.971   10.71   7.042    5.13    6.15    3.03   8.674   5.183    7.46    5.46   1.712   9.621   2.204   7.004   2.276
   4.951   10.37   7.068   5.099   6.392   3.045   8.502   5.285   7.415   5.365   1.768   9.421   2.272   7.118   2.379
   4.919   10.04   7.084   5.071   6.597   3.086   8.315   5.364    7.38   5.237   1.813   9.226    2.33   7.232   2.485
   4.879   9.735   7.092   5.049   6.752   3.149   8.126   5.414   7.364   5.086   1.839    9.05   2.369   7.332    2.58
   4.836   9.472   7.091   5.034   6.851   3.229   7.943   5.431    7.37   4.926   1.844   8.909   2.384   7.407   2.655
   4.797   9.272   7.081   5.028   6.891   3.319   7.777   5.414   7.402    4.77   1.825   8.805   2.373   7.448   2.703
   4.766   9.149   7.064    5.03    6.88    3.41   7.635   5.366   7.457   4.639   1.784   8.744   2.335   7.449    2.72
   4.751   9.106   7.041   5.035   6.831   3.496   7.521   5.292   7.527   4.545   1.721   8.719   2.276   7.412   2.705
   4.756   9.142   7.014   5.041   6.759   3.571   7.439   5.199   7.604   4.504   1.646   8.725   2.201   7.344   2.662
   4.782   9.249   6.987   5.043   6.684    3.63   7.388   5.095   7.678   4.526   1.563   8.753   2.118   7.258   2.598
   4.831   9.411   6.961   5.036   6.625   3.671   7.368    4.99   7.737    4.61   1.486    8.79   2.036   7.171   2.518
   4.902   9.611   6.939    5.02   6.597   3.692   7.372   4.894   7.772   4.754   1.423   8.825   1.964     7.1   2.433
    4.99   9.827   6.921   4.991   6.608   3.697   7.395   4.811   7.777   4.943   1.379   8.845   1.907   7.059   2.352
   5.091   10.04   6.906   4.952   6.662    3.69   7.431   4.749   7.748   5.163   1.357   8.848   1.868   7.055   2.283
     5.2   10.23   6.892   4.904   6.755   3.672   7.474   4.712   7.685   5.395   1.355   8.827   1.848   7.087   2.229
   5.311   10.39   6.875    4.85   6.877   3.652   7.517     4.7   7.594   5.621   1.364   8.784   1.844   7.144   2.194
   5.417   10.51   6.852   4.794   7.016   3.634   7.557   4.712   7.479   5.825    1.38   8.724   1.852   7.213   2.176
   5.513   10.58    6.82   4.741   7.158   3.625   7.594   4.746   7.349   5.993   1.398   8.653   1.865   7.281   2.175
   5.593    10.6   6.775   4.696   7.287   3.626   7.625     4.8   7.214   6.115   1.417   8.579   1.881   7.335   2.186
   5.654   10.59   6.716   4.662    7.39   3.636   7.655   4.868   7.086   6.185   1.432   8.514   1.895   7.367   2.206
   5.692   10.54   6.644   4.642   7.455   3.657   7.684    4.95   6.974   6.199   1.447   8.466   1.903   7.376   2.233
   5.705   10.48    6.56   4.634   7.474   3.686   7.718   5.039   6.885   6.161   1.461   8.445   1.902   7.361   2.264
   5.695   10.41   6.467   4.641   7.443   3.719   7.759   5.136   6.822   6.076   1.473   8.455   1.893   7.329   2.297
   5.661   10.36   6.372   4.659   7.363   3.754   7.811   5.235   6.789   5.954   1.485   8.498   1.874   7.286   2.328
   5.608   10.31   6.278   4.686   7.241    3.79   7.875   5.338   6.784   5.805   1.496   8.574   1.847   7.241   2.359
    5.54   10.29   6.194   4.719   7.088   3.821    7.95    5.44   6.803   5.644   1.507   8.679   1.816     7.2   2.387
    5.46   10.29   6.124   4.753   6.921   3.849   8.033   5.539   6.838    5.48    1.52   8.808   1.785   7.172   2.413
   5.375    10.3   6.077   4.788   6.758   3.871    8.12   5.635   6.883   5.325   1.535    8.95   1.761   7.158   2.437
   5.288   10.33   6.056   4.817   6.617   3.885   8.204   5.721    6.93   5.185   1.555   9.098   1.749    7.16   2.459
   5.204   10.35   6.063   4.839   6.508   3.895   8.276   5.796   6.971   5.066   1.582   9.244   1.754   7.176   2.479
   5.128   10.37   6.096   4.856   6.436     3.9   8.329   5.855       7   4.968    1.61    9.38   1.777   7.202   2.498
   5.061   10.37   6.151   4.867   6.394   3.902   8.352   5.893   7.015   4.892   1.638   9.497   1.817   7.231   2.515
   5.008   10.34   6.221   4.871    6.37   3.905    8.34   5.906   7.012   4.832   1.661   9.591   1.872   7.254   2.531
   4.969   10.28   6.298   4.872   6.345   3.911   8.286   5.891   6.992   4.785   1.672    9.66   1.937   7.261   2.542
   4.947   10.19   6.373   4.874   6.304   3.924   8.189   5.848   6.957   4.749   1.671   9.696   2.006   7.247   2.547
   4.939   10.07   6.437   4.878   6.233   3.945   8.052   5.774   6.912    4.72   1.653   9.707   2.074   7.203   2.544
   4.946   9.934   6.483   4.885   6.127   3.975   7.881   5.675    6.86   4.696    1.62    9.69   2.137   7.131   2.534
   4.965   9.781   6.507   4.899   5.984   4.013   7.684   5.555   6.806   4.679   1.571   9.654   2.191   7.033   2.517
   4.993   9.624   6.505   4.916   5.811   4.056   7.474    5.42   6.754   4.669    1.51   9.606   2.235   6.916   2.492
   5.028   9.479    6.48   4.938    5.62   4.099   7.266    5.28   6.706   4.672   1.442   9.546   2.267   6.792   2.462
   5.067   9.357   6.433    4.96   5.428   4.136   7.075   5.145   6.666    4.69    1.37   9.487   2.287   6.671    2.43
   5.105   9.268   6.373   4.981   5.251   4.163   6.916   5.024   6.633    4.73   1.301   9.432   2.298   6.569   2.399
   5.143   9.222   6.306   4.997   5.112   4.176     6.8   4.928   6.608   4.791   1.239   9.385     2.3   6.496   2.372
   5.179   9.219   6.243   5.008   5.029   4.171   6.738   4.861    6.59   4.877    1.19   9.349   2.298   6.462    2.35
   5.214   9.264   6.194   5.012   5.021   4.149   6.734   4.828   6.578   4.982   1.157    9.32   2.292    6.47   2.336
   5.247    9.35   6.165   5.011   5.099    4.11   6.789   4.829   6.572     5.1   1.144   9.302   2.287   6.524    2.33
   5.278   9.468   6.163   5.004   5.263   4.057     6.9   4.861   6.571   5.222   1.155   9.286   2.284   6.619   2.331
    5.31    9.61   6.187   4.992   5.507   3.994   7.057   4.917   6.575   5.337   1.188   9.275   2.285   6.751   2.337
   5.344   9.763   6.235   4.977   5.812   3.924   7.249   4.992   6.584   5.436   1.242   9.263   2.287   6.912   2.349
   5.378   9.917   6.298   4.959   6.152   3.854   7.461   5.076   6.601   5.509   1.309   9.249   2.292   7.089    2.36
   5.412   10.05   6.367   4.942     6.5   3.789   7.678   5.161   6.626   5.551   1.382    9.23   2.297   7.272   2.371
   5.445   10.17   6.431   4.927   6.827   3.734   7.881   5.241   6.661   5.557   1.449   9.207   2.302   7.446   2.379
   5.473   10.25   6.482   4.915   7.107   3.694   8.055   5.307   6.707   5.529   1.506   9.176   2.304   7.597   2.383
   5.494    10.3   6.509   4.905   7.318   3.671   8.187   5.355   6.765   5.468   1.545   9.141   2.305   7.713   2.386
   5.505    10.3   6.507   4.897   7.444   3.667   8.268    5.38   6.832   5.378   1.566   9.103   2.306   7.786   2.389
   5.503   10.26   6.471   4.889   7.477   3.685   8.289   5.382   6.905   5.272   1.567   9.062   2.306   7.813   2.398
   5.484   10.18   6.402   4.878   7.414   3.723   8.251   5.365   6.977   5.157    1.55   9.018   2.311   7.795   2.418
   5.448   10.06     6.3   4.861   7.264   3.781   8.159   5.334   7.043   5.044    1.52   8.975   2.321   7.743   2.455
   5.394   9.919   6.172   4.838   7.039   3.852   8.021   5.302   7.096   4.943   1.482   8.932    2.34   7.669   2.515
   5.321   9.754   6.027   4.806   6.766   3.934    7.85   5.275   7.129   4.867   1.445    8.89   2.369   7.591   2.599
   5.232   9.582   5.873   4.766    6.47   4.021   7.663   5.266   7.139   4.823   1.418   8.849   2.408   7.527   2.707
   5.131   9.412   5.725   4.722   6.184   4.106   7.476   5.282   7.121   4.817   1.409   8.814   2.457   7.491   2.836
   5.024   9.254   5.592   4.674    5.94   4.185   7.304   5.325   7.076   4.848   1.422   8.781   2.514   7.492   2.977
   4.918   9.119   5.486   4.629   5.765   4.255   7.161   5.391   7.004   4.912   1.459   8.755   2.575   7.529   3.123
   4.822   9.008   5.417   4.591   5.673    4.31   7.053   5.469    6.91       5   1.518   8.735   2.636   7.597   3.261
   4.747   8.927    5.39   4.565   5.667   4.352   6.983   5.548   6.801     5.1   1.592   8.723   2.691   7.683   3.381
   4.698   8.874   5.408   4.555   5.731   4.379    6.95   5.613   6.684   5.199   1.672   8.722   2.734   7.775   3.473
   4.683   8.847   5.469   4.568    5.84   4.392    6.95   5.652    6.57   5.285   1.754    8.73   2.761   7.858    3.53
   4.703   8.842   5.567   4.604   5.969   4.393   6.978   5.655   6.467    5.35   1.828   8.749   2.768   7.922   3.541
   4.754   8.854   5.696   4.668   6.091   4.383   7.031   5.618   6.387   5.383    1.89   8.778   2.752   7.961   3.504
   4.828   8.882   5.843   4.759   6.188   4.365   7.104   5.538   6.337   5.385   1.935   8.819   2.715   7.971    3.42
   4.916    8.92       6   4.874   6.248    4.34   7.193    5.42   6.322   5.354    1.96   8.867   2.661   7.955   3.291
   5.006   8.963   6.155   5.009   6.266   4.311   7.295   5.271   6.348   5.297   1.966   8.922   2.596   7.916   3.124
   5.089   9.007   6.298   5.158   6.241   4.276   7.406   5.104   6.412   5.219    1.95   8.982   2.526   7.864    2.93
   5.156   9.047   6.421   5.311   6.181   4.238   7.521   4.929   6.511   5.133   1.918   9.043   2.462   7.806   2.727
   5.203   9.083    6.52    5.46   6.096   4.197   7.635   4.761   6.639   5.046   1.869   9.101    2.41   7.751   2.532
   5.227   9.113    6.59   5.596   5.999   4.155   7.745   4.614   6.788   4.974    1.81   9.158    2.38   7.709   2.365
   5.229   9.138   6.629   5.708   5.909    4.11   7.848   4.504   6.947   4.926   1.748   9.208   2.372   7.687   2.245
   5.213   9.166   6.638   5.792   5.839   4.064   7.943    4.44   7.104   4.912   1.685   9.251   2.385   7.687   2.179
   5.185   9.208   6.621    5.84   5.806   4.017   8.033   4.432    7.25   4.938   1.627   9.284   2.414    7.71   2.168
   5.153   9.274   6.581   5.852   5.819   3.971    8.12   4.484   7.374   5.009   1.575   9.313   2.451   7.752   2.198
   5.126   9.376   6.523   5.826   5.881   3.927   8.209   4.595    7.47   5.121   1.529   9.334   2.488   7.805   2.256
   5.113   9.524   6.451   5.764   5.984    3.89   8.304   4.754   7.534    5.27   1.489   9.351   2.519   7.859   2.323
   5.123   9.722    6.37   5.672   6.117    3.86   8.405   4.949   7.563   5.444    1.45   9.368   2.539   7.905    2.39
   5.164   9.966   6.285   5.555   6.264   3.841   8.511   5.166   7.559   5.634    1.41   9.382   2.543   7.934   2.447
   5.238   10.25   6.199   5.424   6.407   3.835   8.619   5.386   7.528   5.823   1.368   9.394   2.531   7.939   2.489
   5.344   10.54   6.116   5.288    6.53   3.844   8.721   5.592   7.476   5.999   1.324   9.407   2.502   7.919   2.512
   5.478   10.83   6.039   5.157   6.618   3.865   8.808   5.771   7.411   6.151   1.277   9.418   2.456   7.873   2.516
   5.629    11.1   5.971   5.044   6.663   3.899   8.872   5.912   7.341   6.266   1.231   9.424   2.396   7.809   2.498
   5.786   11.32   5.915   4.954   6.662   3.941   8.904   6.006   7.275   6.339   1.188   9.428   2.327    7.73   2.459
   5.933   11.47   5.873   4.897   6.614   3.989   8.899   6.049   7.217   6.364   1.151   9.425   2.252   7.649   2.403
   6.058   11.55   5.846   4.874   6.528    4.04   8.856   6.044   7.175   6.341   1.124    9.41   2.183   7.575   2.334
   6.148   11.53   5.836   4.887   6.414   4.087   8.772   5.992   7.149   6.274   1.109    9.39   2.126   7.518   2.261
   6.195   11.44   5.844   4.932   6.287    4.13   8.652   5.903   7.138   6.168   1.109   9.359   2.093   7.484   2.195
   6.193   11.26   5.867   5.003   6.163   4.168   8.502   5.787   7.142   6.031   1.124   9.322   2.091   7.479   2.147
   6.143   11.02   5.906   5.093    6.06   4.198   8.332   5.654   7.157   5.873   1.156   9.279   2.121   7.503   2.124
   6.049   10.73   5.956   5.195   5.992   4.221   8.151   5.515    7.18   5.704   1.201   9.233   2.179   7.551   2.131
   5.919   10.41   6.012   5.297   5.964   4.238   7.972   5.383   7.206   5.534   1.257   9.194   2.257   7.617   2.165
   5.768    10.1    6.07   5.391   5.978    4.25   7.806   5.266    7.23   5.371    1.32    9.16    2.34    7.69   2.214
   5.612   9.807   6.123   5.469   6.025   4.256   7.664    5.17   7.251   5.225   1.381    9.14   2.415   7.758   2.267
    5.47   9.567   6.166   5.522   6.093   4.258   7.555   5.099   7.263     5.1   1.436   9.137   2.471   7.809    2.31
   5.359   9.393   6.194   5.547   6.164   4.256   7.488   5.055   7.266   5.002   1.478   9.155   2.501   7.832   2.336
   5.292   9.302   6.204   5.538   6.223   4.253   7.465   5.037   7.259   4.933   1.504   9.195   2.502   7.822   2.337
   5.278   9.294   6.196   5.498   6.256   4.247   7.486   5.044    7.24   4.894    1.51   9.256   2.473   7.776   2.313
