   5.315   10.73   6.782    7.41   4.171    5.52   5.452   9.527   9.165   3.408   6.403  0.7506   1.376   1.824   8.208   9.909
   5.303   10.68   6.699   7.338   4.174   5.476   5.403   9.488   9.163   3.326   6.308  0.7469   1.394    1.83   8.175   9.754
   5.312   10.61   6.615   7.263   4.189   5.442   5.364   9.412   9.161    3.27   6.177  0.7794   1.448   1.866    8.12   9.648
    5.35   10.51   6.545   7.202   4.215   5.423   5.335   9.321   9.152   3.248   6.017  0.8468   1.532   1.928   8.037    9.59
   5.419    10.4   6.502   7.169   4.252    5.42   5.316   9.217   9.135   3.264    5.84  0.9409   1.637   2.005   7.923   9.574
   5.521    10.3   6.494   7.173   4.296   5.431   5.306   9.103   9.102   3.315   5.658   1.049   1.749   2.088   7.779   9.595
    5.65   10.23   6.519   7.214   4.343   5.456     5.3   8.994   9.061   3.396   5.486   1.159   1.859   2.168   7.606   9.641
   5.796   10.19   6.571   7.286   4.389   5.487   5.293   8.894   9.011   3.499    5.34   1.259   1.958   2.233    7.41     9.7
   5.945   10.16   6.638   7.372    4.43   5.521   5.283   8.814   8.962   3.611   5.234   1.342    2.04   2.277   7.199    9.77
    6.08   10.17   6.706   7.459    4.46   5.555   5.266   8.759   8.925   3.724   5.175   1.399   2.102   2.296   6.981   9.839
   6.185    10.2   6.759   7.532   4.475   5.584   5.239   8.734   8.915   3.828   5.168   1.429   2.142   2.289    6.77   9.907
   6.243   10.24   6.785   7.577   4.471   5.606   5.204   8.738   8.943   3.918   5.208   1.432   2.163    2.26    6.58   9.968
   6.245   10.29   6.774   7.587   4.446    5.62   5.164    8.77   9.024    3.99   5.285   1.409    2.17   2.213   6.429   10.02
   6.183   10.33   6.722   7.561   4.402   5.624   5.127   8.822   9.159   4.041   5.386   1.368   2.164   2.156   6.338   10.08
   6.059   10.35   6.628   7.499   4.341   5.623   5.099   8.889   9.349   4.072   5.493   1.315   2.152     2.1   6.329   10.13
   5.875   10.36   6.494   7.407   4.268   5.617   5.094   8.955   9.582   4.086   5.592   1.261   2.135   2.051   6.419   10.19
   5.645   10.35   6.328   7.298   4.187   5.608    5.12   9.015   9.841   4.085   5.673   1.218   2.117   2.016   6.615   10.25
   5.384   10.31   6.143    7.18   4.106   5.599   5.182   9.058   10.11   4.072   5.725   1.192   2.098       2   6.908   10.32
   5.113   10.26   5.952   7.069   4.033   5.593   5.279   9.073   10.35   4.053   5.745   1.191   2.082   2.005   7.275    10.4
   4.855   10.18   5.774   6.973   3.972   5.588   5.405   9.067   10.56   4.031   5.732   1.215   2.067   2.031   7.683   10.49
   4.629    10.1   5.624   6.902   3.929   5.587   5.546   9.032    10.7   4.009   5.689   1.259   2.056   2.077    8.09   10.59
   4.452   10.02   5.517   6.859   3.903   5.587   5.689   8.976   10.79   3.988    5.62   1.315   2.049   2.141   8.456   10.69
   4.336   9.934   5.465   6.842   3.894   5.588   5.817   8.906   10.78    3.97   5.535   1.373   2.043   2.218   8.746   10.81
   4.284   9.867   5.471   6.844   3.898   5.585   5.917   8.828   10.72   3.955   5.444   1.426   2.036   2.303   8.928   10.94
   4.292   9.821   5.532   6.856   3.912   5.577   5.977   8.754   10.56   3.939   5.359   1.464   2.024   2.385   8.985   11.07
   4.354   9.806   5.638   6.866   3.928    5.56   5.989   8.693   10.36   3.921    5.29   1.484   2.003   2.458   8.909   11.22
   4.456   9.809   5.775   6.862   3.944   5.532    5.95   8.649    10.1   3.899   5.246   1.482   1.967    2.51   8.702   11.36
   4.588   9.832   5.928   6.834   3.956   5.494    5.86    8.63   9.832    3.87   5.233   1.456   1.915   2.534   8.379   11.51
   4.737   9.872   6.079   6.776   3.963   5.446   5.726   8.634   9.556   3.833   5.252   1.407   1.849   2.525    7.96   11.64
   4.895   9.899   6.216   6.683   3.965    5.39   5.556   8.664     9.3   3.788   5.301   1.338   1.773   2.481   7.478   11.76
   5.048    9.93   6.329    6.56   3.965   5.329   5.363   8.714   9.085   3.738   5.373   1.255   1.695   2.407   6.969   11.83
   5.187   9.948    6.41   6.412   3.964   5.269   5.161   8.775   8.923   3.685   5.459   1.167   1.627   2.309    6.47   11.88
   5.301   9.949   6.456   6.249   3.963   5.213   4.966    8.84   8.824   3.632   5.548   1.085   1.578   2.199   6.024   11.88
   5.386   9.919   6.466   6.087   3.966   5.167   4.793   8.904   8.786   3.585    5.63   1.021   1.554   2.094   5.664   11.82
   5.435   9.858   6.446   5.941   3.972   5.134   4.657   8.955   8.805   3.546   5.694  0.9912   1.553   2.009   5.422   11.72
   5.447   9.786   6.401   5.829   3.984   5.117    4.57   8.988   8.864    3.52   5.736   1.001   1.572   1.957   5.316   11.58
   5.426    9.68   6.341   5.768   3.998   5.116   4.539   8.992   8.949   3.508    5.75   1.051   1.599   1.942   5.352   11.38
   5.374   9.565   6.277   5.769   4.016   5.127   4.564   8.972   9.039    3.51   5.735   1.133   1.628    1.96   5.517   11.17
   5.301   9.435   6.219   5.836   4.035   5.152   4.642   8.919    9.12   3.524   5.694   1.234   1.652   2.002   5.792   10.95
   5.215   9.313   6.177   5.965   4.054   5.181   4.761    8.84   9.176   3.548   5.632   1.342   1.669   2.058   6.145   10.73
   5.124   9.203   6.158   6.145    4.07    5.21   4.908   8.745   9.196   3.577   5.553   1.447   1.677   2.117   6.548   10.53
   5.037   9.112   6.166   6.357    4.08   5.235   5.067   8.637   9.178   3.604   5.466   1.538   1.679   2.172   6.969   10.38
   4.961   9.052   6.202   6.577   4.083    5.25   5.221   8.527   9.119   3.627    5.38    1.61   1.678    2.22    7.38   10.28
   4.897   9.026   6.262   6.786   4.078   5.253   5.356   8.428   9.029   3.641   5.303   1.656   1.678   2.258   7.755   10.24
   4.849   9.036   6.339   6.964   4.064   5.244   5.459   8.349   8.915   3.643   5.242   1.673   1.681   2.283   8.072   10.27
   4.818   9.079   6.425   7.094   4.041   5.224   5.522   8.296   8.791   3.632   5.201    1.66   1.691   2.294   8.314   10.34
   4.802   9.155   6.511   7.165   4.012   5.194   5.539   8.279   8.674   3.609   5.187   1.617   1.709   2.287   8.472   10.47
   4.802   9.258   6.588   7.172    3.98    5.16   5.511   8.293    8.58   3.576   5.197   1.547   1.737   2.263   8.539   10.63
   4.819   9.382    6.65   7.115   3.946   5.128   5.441   8.342   8.523   3.535   5.232   1.452   1.778    2.22   8.521    10.8
   4.854   9.519   6.693       7   3.916     5.1   5.336   8.421   8.513    3.49   5.291   1.342   1.833   2.162   8.425   10.97
   4.907   9.666   6.716   6.842   3.894   5.083   5.208   8.523   8.553   3.444   5.369   1.223   1.902   2.096   8.264    11.1
   4.978    9.82    6.72   6.656   3.883   5.082    5.07   8.642   8.642   3.404    5.46   1.107   1.984   2.034   8.054    11.2
   5.068    9.96   6.709   6.463   3.885   5.094   4.932   8.769    8.77   3.369   5.561   1.005   2.073   1.987   7.814   11.24
   5.173   10.09   6.685   6.284   3.899   5.124   4.809   8.895   8.928   3.345   5.666  0.9309   2.165    1.97   7.561   11.22
   5.288   10.22   6.654   6.138   3.925   5.168   4.709   9.009     9.1   3.332   5.771  0.8926   2.249   1.988   7.313   11.14
   5.407   10.32   6.619   6.039   3.959   5.223   4.637   9.114   9.271   3.331   5.872  0.8895   2.319   2.042   7.086   11.01
   5.518    10.4   6.583   5.994   3.997   5.281   4.597   9.199   9.428   3.338   5.964  0.9129   2.366   2.123   6.894   10.85
   5.613   10.46   6.547       6   4.032   5.339   4.586   9.256   9.558   3.356   6.045  0.9526   2.386   2.219   6.746   10.68
   5.682   10.47   6.512   6.049   4.061   5.393   4.601    9.29   9.655   3.378   6.112  0.9996   2.378   2.313   6.649   10.51
   5.714   10.46   6.479   6.126   4.078   5.437   4.637   9.297   9.707   3.404   6.164   1.048    2.34   2.395   6.609   10.37
   5.703   10.41   6.447   6.215   4.079   5.468   4.688   9.283   9.721   3.431   6.197   1.095   2.277   2.452   6.625   10.28
   5.644   10.34   6.415   6.301   4.066   5.488    4.75   9.251   9.689    3.46    6.21   1.137   2.194   2.481   6.695   10.25
   5.537   10.24   6.384   6.369   4.035   5.497   4.816   9.211   9.618   3.487   6.201   1.175   2.098    2.48   6.815   10.28
   5.387   10.11   6.352   6.409   3.993   5.498   4.881   9.166    9.52   3.512   6.168   1.207   1.998   2.451   6.977   10.38
   5.202   9.966   6.321   6.415   3.943   5.499   4.939   9.121   9.405   3.537   6.112   1.233   1.903     2.4   7.174   10.53
   4.996   9.821    6.29   6.381   3.891   5.504   4.988   9.091   9.277   3.564   6.033   1.252    1.82   2.331   7.393   10.71
   4.785   9.669    6.26   6.311   3.846   5.522   5.022   9.071   9.152   3.594   5.935   1.263   1.756   2.249   7.623   10.92
   4.588   9.533   6.231   6.209    3.81   5.558   5.039   9.069   9.037   3.628   5.822   1.265   1.717   2.158    7.85   11.12
   4.422   9.409   6.207   6.088   3.789   5.614   5.039   9.085   8.941   3.667   5.702   1.256   1.703   2.059    8.06   11.31
   4.301   9.309   6.188   5.963   3.785   5.691   5.024   9.114   8.866   3.712   5.582   1.239   1.713   1.956   8.239   11.45
   4.235   9.235   6.177   5.856   3.799   5.783   4.996   9.151   8.816    3.76   5.476   1.213   1.747   1.851   8.378   11.55
   4.226   9.186   6.175    5.79   3.824   5.884   4.961   9.193    8.79    3.81    5.39   1.182   1.801   1.755   8.466   11.59
   4.269   9.159   6.184   5.783   3.859   5.983   4.927   9.227   8.786   3.858   5.337   1.148   1.874   1.683   8.499   11.56
   4.355   9.151   6.202   5.847   3.899   6.074   4.898   9.254   8.802     3.9   5.326   1.114   1.961   1.652   8.476   11.46
   4.471   9.152   6.227   5.982   3.938   6.143    4.88   9.259   8.834   3.933   5.358   1.081   2.063   1.675   8.401   11.31
   4.604   9.157   6.255   6.179   3.974   6.183   4.877   9.247    8.88   3.955   5.436   1.054   2.174    1.76   8.283   11.11
    4.74   9.158   6.281   6.416   4.006   6.194   4.889    9.21   8.934   3.964   5.554   1.032    2.29   1.902   8.129    10.9
    4.87   9.153   6.303   6.666   4.033   6.168   4.915   9.147   8.994   3.959     5.7   1.017   2.405   2.084   7.957   10.69
   4.982   9.137   6.316    6.91   4.052   6.109   4.952   9.065   9.055   3.942   5.862    1.01   2.511   2.279   7.779    10.5
   5.066   9.108   6.318   7.121   4.065   6.021   4.994   8.964   9.115   3.915   6.025   1.011   2.602   2.464   7.612   10.35
   5.116   9.069   6.312   7.284   4.071    5.91   5.035   8.848    9.17   3.881    6.17   1.018   2.669   2.618   7.467   10.26
   5.128   9.027   6.302   7.385   4.071   5.785   5.071   8.729   9.214   3.843   6.283   1.032   2.707   2.728   7.357   10.22
   5.104   8.982    6.29   7.419   4.068   5.656   5.098   8.611   9.246   3.809   6.353   1.054   2.709   2.783   7.286   10.21
   5.051   8.944   6.282   7.383   4.065   5.539    5.11   8.504   9.257   3.781   6.371   1.081   2.675   2.782   7.257   10.21
   4.982    8.92   6.283   7.282   4.068   5.443   5.111   8.415   9.247   3.764   6.334   1.115   2.601   2.724   7.268   10.22
   4.915   8.917   6.299   7.126   4.083   5.379   5.097    8.35   9.213   3.763   6.242   1.154   2.494   2.617   7.312   10.21
   4.872   8.939   6.331   6.925   4.118   5.356   5.075   8.315   9.151   3.781   6.102   1.198   2.356   2.469   7.381   10.17
   4.875   8.986   6.379   6.697   4.177   5.376   5.044   8.309   9.065   3.817   5.922   1.245   2.196   2.295   7.465   10.09
   4.937   9.059   6.443   6.459   4.259   5.439   5.011   8.331   8.952   3.872   5.717   1.293   2.024   2.107   7.552   9.998
   5.063   9.151   6.518   6.232   4.361   5.532   4.979   8.375   8.823   3.941   5.504   1.341    1.85   1.922   7.632   9.872
   5.248   9.251   6.599   6.035   4.473   5.648    4.95   8.433   8.683   4.018   5.299   1.385   1.686   1.755   7.695   9.743
   5.477   9.352   6.681   5.886   4.587   5.769   4.927   8.497   8.544   4.099    5.12   1.424   1.542    1.62   7.737   9.618
   5.728   9.442   6.756   5.796   4.689   5.883   4.914   8.558   8.417   4.176   4.984   1.454    1.43   1.527   7.755   9.512
    5.98    9.51   6.819   5.768   4.767   5.976    4.91    8.61   8.316   4.242   4.901   1.475   1.356   1.486   7.752   9.437
   6.209   9.551   6.863   5.796   4.813   6.037    4.92   8.649   8.251   4.292    4.88   1.482   1.328   1.499   7.728   9.405
     6.4   9.559   6.883   5.867   4.821   6.059   4.943   8.668   8.231    4.32   4.921   1.475   1.344   1.566   7.691   9.423
   6.537   9.537   6.877   5.968   4.789    6.04   4.982    8.67   8.261   4.325   5.022   1.452   1.403   1.677   7.647   9.491
   6.612   9.487   6.845   6.082    4.72    5.98   5.037   8.654   8.343   4.307    5.17   1.414   1.495   1.822   7.602   9.619
    6.62   9.418   6.788   6.193   4.618   5.885   5.107   8.624   8.473   4.265   5.352   1.361   1.614   1.987   7.562   9.809
   6.562   9.339   6.712    6.29   4.493   5.765   5.187   8.587   8.644   4.203   5.554   1.295   1.746   2.156   7.528   10.05
   6.445   9.264   6.622   6.365   4.353   5.629   5.272    8.55   8.846   4.126   5.757   1.219   1.882   2.313   7.502   10.34
    6.28   9.202   6.525   6.413   4.211   5.492   5.354   8.515   9.067   4.038   5.945   1.136   2.008   2.447   7.484   10.67
   6.085   9.167   6.429   6.432   4.079   5.366   5.428   8.493   9.291   3.948   6.104   1.052   2.116   2.543   7.472   11.02
   5.879   9.167   6.343   6.426   3.968   5.263   5.486   8.484   9.505   3.859   6.226  0.9736   2.196   2.596   7.465   11.38
   5.684   9.211    6.27   6.398    3.89   5.195   5.525   8.494   9.698   3.777   6.301   0.906   2.243   2.603   7.463   11.73
   5.522   9.297   6.217   6.357   3.853   5.162   5.542    8.52   9.851   3.707   6.329  0.8549   2.255   2.563   7.464   12.05
   5.408    9.42   6.184   6.314   3.859   5.169   5.537   8.561   9.954   3.654   6.311  0.8252   2.234   2.484   7.469   12.32
   5.349   9.571   6.174   6.281   3.908    5.21   5.512    8.61   10.01    3.62   6.253  0.8183   2.184   2.379   7.477   12.55
   5.339   9.738   6.183   6.269   3.995    5.28    5.47   8.665      10   3.602   6.165  0.8339   2.112   2.263   7.489    12.7
   5.368   9.894   6.209   6.285   4.109   5.368   5.419   8.716   9.947   3.602   6.056    0.87   2.031   2.156   7.505   12.77
   5.418   10.03   6.247   6.338   4.238   5.466   5.362    8.76   9.846   3.616   5.937  0.9243   1.949   2.076   7.527   12.78
   5.469   10.13   6.292   6.425   4.369   5.564   5.307    8.79    9.71   3.642   5.819  0.9945   1.878   2.037   7.558   12.71
   5.508   10.18   6.336   6.539   4.491   5.655    5.26   8.807   9.556   3.676   5.708   1.077   1.824   2.041   7.597   12.56
   5.521   10.17   6.376   6.671   4.593   5.732   5.224   8.805   9.402   3.715   5.608   1.167    1.79   2.084   7.648   12.36
   5.503   10.12   6.405   6.805   4.666    5.79   5.203   8.793   9.256   3.753   5.519   1.259   1.776   2.152   7.709   12.11
   5.453   10.01   6.422   6.932   4.709   5.826   5.195   8.772   9.133   3.786    5.44   1.348   1.775   2.231   7.775   11.83
   5.373   9.891   6.425   7.036   4.718    5.84   5.198    8.75   9.038   3.811    5.37   1.424   1.784   2.309   7.839   11.53
   5.269   9.755   6.412   7.111   4.692   5.833   5.208   8.734   8.973   3.823   5.305   1.481   1.796   2.374   7.892   11.23
   5.147   9.622   6.388   7.153   4.634   5.807   5.217   8.732   8.934   3.818   5.245   1.513    1.81   2.422   7.921   10.95
   5.021   9.531   6.353   7.157    4.55   5.764    5.22   8.747   8.914   3.797   5.189   1.514   1.822   2.448   7.916    10.7
   4.903   9.488   6.313   7.129   4.446   5.712   5.209   8.785   8.905   3.757   5.138   1.482   1.832   2.451   7.866   10.49
   4.808   9.504    6.27   7.072   4.329   5.652    5.18   8.847     8.9   3.699   5.093   1.416   1.841   2.433   7.766   10.35
   4.752   9.579   6.228   6.996   4.206   5.591   5.129   8.926   8.893   3.624   5.057   1.319   1.849   2.397   7.616   10.27
   4.745   9.698   6.188   6.908   4.084    5.53   5.056   9.021   8.879   3.537   5.034   1.195   1.858   2.347    7.42   10.27
   4.793    9.87   6.155   6.819    3.97   5.475   4.964    9.12   8.858   3.443   5.029   1.057   1.868   2.291    7.19   10.32
   4.897   10.06   6.128   6.739   3.868   5.422   4.857   9.219   8.829   3.346   5.044  0.9166   1.884   2.238   6.941   10.42
   5.042   10.25   6.108   6.675   3.782   5.377   4.745   9.303   8.796   3.253   5.085  0.7958   1.907   2.197   6.694   10.57
   5.211   10.42   6.098   6.633    3.71   5.338   4.634   9.365   8.762   3.172   5.151  0.7187   1.943   2.178   6.469   10.73
   5.385   10.57   6.096   6.614   3.654   5.304   4.536    9.41   8.732   3.107   5.243  0.6971   1.992   2.189   6.286   10.91
    5.54   10.68   6.101   6.616   3.612   5.277    4.46   9.425   8.711   3.064   5.355  0.7224   2.057   2.235   6.164   11.07
   5.662   10.74   6.111   6.639   3.584   5.255   4.414   9.411   8.704   3.042   5.477   0.776   2.134   2.314   6.117   11.21
   5.735   10.74   6.125   6.671   3.566   5.243   4.403   9.374   8.717   3.046     5.6  0.8386   2.221   2.418   6.153   11.32
   5.755   10.69   6.139   6.707   3.563    5.24   4.427   9.313   8.755   3.072   5.713  0.8972   2.308   2.535   6.272   11.38
    5.72    10.6   6.152   6.739   3.572   5.248   4.486   9.244   8.819   3.118   5.805  0.9445   2.391   2.654   6.469    11.4
   5.637   10.46   6.161   6.761   3.597   5.268   4.575   9.177    8.91   3.182   5.869  0.9795   2.461   2.759   6.731   11.38
   5.516   10.32   6.166   6.769   3.634   5.303   4.688   9.118   9.022   3.258   5.897   1.003   2.511   2.841   7.042   11.31
   5.372   10.18   6.164   6.764   3.687   5.351   4.819   9.075   9.151   3.343    5.89    1.02   2.536   2.888   7.384   11.21
   5.221   10.06   6.155   6.743    3.75   5.412   4.958   9.053   9.287   3.431   5.848   1.033   2.533   2.895   7.729   11.09
   5.084   10.02    6.14   6.715   3.825   5.483     5.1   9.061    9.42   3.517   5.777   1.043   2.503   2.858    8.06   10.97
   4.976   10.04   6.117    6.68   3.905    5.56   5.235    9.09   9.544   3.598   5.686    1.05   2.446   2.778   8.354   10.86
   4.909   10.11   6.088   6.646   3.987   5.641   5.355   9.139   9.649   3.672   5.582   1.051   2.369   2.659   8.597   10.78
   4.893   10.23   6.051   6.619   4.068    5.72   5.452   9.193   9.731   3.736   5.479   1.044   2.282    2.51   8.772   10.73
   4.924   10.36   6.009   6.599   4.141   5.794   5.519   9.243   9.788   3.791   5.386   1.027   2.196   2.343   8.878   10.73
   4.998   10.48   5.962   6.589   4.204   5.861   5.554   9.277   9.823   3.838   5.311   1.004   2.124   2.176   8.906   10.77
   5.102   10.55   5.914    6.59   4.251   5.914   5.555   9.279   9.836    3.88   5.258  0.9798   2.076   2.029   8.867   10.83
   5.223   10.56   5.867   6.596   4.281   5.954   5.524   9.244   9.836   3.921   5.232  0.9662   2.059   1.923   8.766   10.92
   5.345   10.49   5.825   6.604   4.292   5.982   5.469   9.174    9.83   3.964   5.233  0.9735   2.073   1.874    8.62      11
   5.456   10.35   5.793   6.609   4.285   5.997   5.398   9.059   9.831   4.012   5.256   1.009   2.112   1.886   8.444   11.07
   5.544   10.12   5.774   6.605   4.261   6.003   5.323   8.913   9.839   4.065   5.295   1.071   2.165   1.949   8.257    11.1
   5.603   9.838   5.771   6.589   4.223   5.998   5.254   8.748   9.866   4.123   5.343   1.152    2.22    2.05   8.073    11.1
   5.625   9.523   5.787   6.558   4.177   5.987   5.201   8.574   9.909   4.182   5.391   1.239   2.267   2.168   7.908   11.05
   5.613   9.195   5.823   6.511   4.128   5.969   5.169   8.409   9.965   4.236   5.431   1.321   2.297   2.289   7.767   10.96
    5.57   8.881   5.877   6.452    4.08   5.948   5.158   8.269   10.04   4.281   5.456   1.386   2.304   2.399   7.657   10.84
   5.504    8.61   5.947   6.383    4.04   5.921   5.164   8.171   10.12   4.311   5.463   1.424   2.286   2.487   7.574    10.7
   5.426   8.416   6.029   6.313   4.012   5.889   5.181   8.124    10.2    4.32    5.45   1.431   2.243   2.546   7.513   10.54
   5.348   8.328   6.118   6.252   3.996   5.849   5.202   8.135   10.28   4.305   5.421   1.405   2.175   2.572   7.466    10.4
   5.282   8.373   6.207   6.214   3.995   5.803   5.219   8.203   10.34   4.266   5.379   1.346   2.087   2.561   7.423   10.27
   5.239   8.562   6.292   6.211   4.008   5.748   5.229   8.324   10.38   4.203   5.332   1.257   1.983   2.513   7.376   10.18
   5.225   8.897   6.368   6.259   4.029   5.683   5.228   8.487   10.41   4.116    5.29   1.144   1.868   2.431   7.318   10.14
   5.242   9.355   6.431   6.359   4.056   5.609   5.218   8.679    10.4    4.01   5.258   1.012   1.751    2.32   7.245   10.15
   5.286   9.903   6.478   6.513   4.082   5.528   5.197   8.881   10.38    3.89   5.246   0.872   1.642   2.192   7.152   10.22
   5.353   10.47   6.507   6.713   4.103   5.441   5.171   9.077   10.33   3.762   5.256  0.7341   1.558   2.062    7.04   10.35
   5.433   11.04   6.519   6.941   4.114   5.354   5.141   9.255   10.27   3.634   5.288   0.615   1.513    1.95   6.911   10.52
   5.519   11.54   6.515   7.178   4.115    5.27    5.11   9.403    10.2   3.515   5.342  0.5374   1.519   1.879   6.769   10.74
   5.601   11.96   6.499   7.403   4.101   5.197   5.081   9.509   10.13   3.415   5.409  0.5299   1.578   1.863   6.618   10.97
   5.676   12.26   6.473   7.595   4.075    5.14   5.056   9.576   10.07   3.341   5.485  0.5913   1.678   1.906   6.468    11.2
   5.736   12.42   6.445   7.735   4.039   5.105   5.037    9.59   10.01   3.302   5.562    0.69   1.802   1.995   6.326   11.42
    5.78   12.44   6.419    7.81   3.995   5.096   5.021   9.569   9.961   3.302   5.632  0.8053    1.93   2.111   6.201    11.6
   5.808   12.32   6.401   7.813   3.951   5.117   5.008    9.51   9.924   3.342   5.692  0.9241   2.046   2.232   6.102   11.76
   5.821   12.09   6.395   7.739   3.911   5.167   4.996   9.425   9.894   3.414   5.733   1.036   2.136   2.342   6.037   11.85
   5.822   11.74   6.404   7.595   3.881   5.242    4.98   9.331   9.871   3.511   5.756   1.136   2.193   2.428   6.013   11.91
   5.814   11.34   6.429   7.385   3.865   5.338   4.958   9.242   9.849   3.625   5.758   1.216   2.214    2.48   6.034   11.92
   5.804   10.89   6.467   7.127   3.866   5.446   4.926   9.168   9.819   3.741   5.738   1.275   2.199   2.496     6.1    11.9
   5.796   10.45   6.517   6.836   3.887   5.558   4.884   9.121   9.787   3.852     5.7    1.31   2.153   2.475   6.212   11.84
   5.795   10.03   6.576   6.535   3.925   5.666   4.833    9.11    9.75    3.95   5.648   1.321   2.083   2.421   6.362   11.77
   5.801   9.674   6.637   6.248   3.975   5.763   4.772   9.132     9.7   4.027   5.588    1.31   1.997    2.34   6.542   11.69
   5.815   9.402   6.697   5.999   4.034   5.842   4.706   9.186   9.643    4.08   5.525   1.282   1.908    2.24   6.743    11.6
   5.834    9.22   6.752    5.81   4.096     5.9   4.639    9.26   9.585   4.107   5.468    1.24   1.827   2.133   6.951   11.52
   5.852   9.126   6.797   5.697   4.155   5.935   4.577   9.339   9.529   4.112    5.42   1.193   1.765   2.031   7.153   11.45
    5.86   9.119    6.83   5.669   4.206   5.947   4.525   9.422   9.484   4.095   5.387   1.148   1.732   1.949   7.337   11.38
   5.853   9.177   6.849   5.723   4.247   5.939   4.487   9.488   9.458   4.064   5.371    1.11   1.738     1.9    7.49   11.33
   5.823   9.279   6.853   5.848   4.277   5.916   4.463    9.53   9.456   4.021    5.37   1.086   1.784   1.894   7.602   11.28
   5.771   9.406   6.842   6.024   4.293   5.881   4.458   9.541   9.483   3.976   5.381   1.075   1.868   1.934   7.667   11.24
   5.692   9.537   6.816    6.23   4.299   5.843   4.468   9.521   9.542   3.934   5.401   1.077   1.981   2.013    7.68    11.2
   5.594   9.656   6.778   6.447   4.294   5.806   4.493   9.471   9.625   3.898   5.425   1.087   2.112    2.12   7.643   11.17
   5.478   9.754    6.73   6.655   4.285   5.774   4.532   9.388   9.725   3.873   5.448   1.102   2.246   2.241   7.561   11.14
   5.356   9.825   6.674   6.842   4.273    5.75   4.579   9.292    9.83    3.86   5.468   1.116    2.37   2.362   7.447   11.12
   5.235   9.868   6.614   6.994   4.262   5.735   4.635   9.179   9.928   3.857   5.483   1.126   2.473   2.468   7.314   11.11
   5.124   9.891   6.555   7.107   4.257   5.726   4.696   9.062      10   3.863   5.491   1.129   2.543   2.549   7.182    11.1
    5.03   9.894   6.496   7.181    4.26    5.72   4.762   8.946   10.05   3.873   5.495   1.123   2.577   2.597   7.068   11.11
   4.963   9.886    6.44   7.216   4.272   5.712   4.829    8.84   10.05   3.885   5.493   1.107   2.573   2.612   6.991   11.12
   4.922   9.874   6.389   7.217   4.293   5.698   4.895   8.748   10.02   3.894    5.49   1.083   2.535   2.593   6.966   11.14
    4.91    9.86   6.344   7.198   4.318   5.674    4.96    8.67   9.943   3.898   5.484   1.052   2.472   2.544       7   11.16
   4.925   9.863   6.306    7.17   4.344   5.636   5.022   8.609   9.833   3.897   5.481    1.02   2.398   2.475   7.096   11.18
   4.961   9.865   6.275   7.143   4.366   5.584   5.083   8.561   9.696   3.888   5.478  0.9929   2.324   2.399    7.25    11.2
   5.012   9.884   6.249    7.13   4.376    5.52   5.146   8.523   9.538   3.874   5.479  0.9814   2.263   2.329   7.454   11.21
   5.071   9.906   6.228   7.139   4.371   5.444   5.212   8.493   9.375   3.858   5.483  0.9951   2.222   2.279   7.693    11.2
   5.131   9.937   6.208   7.169   4.345   5.364   5.284   8.467   9.221    3.84    5.49   1.039   2.202   2.259   7.952   11.17
   5.185   9.963    6.19    7.22   4.298   5.284   5.362   8.444   9.088   3.823     5.5   1.111   2.197   2.275   8.212   11.12
   5.228   9.991   6.169   7.284   4.231   5.212   5.447    8.42   8.989    3.81   5.512   1.205   2.201   2.324   8.455   11.06
   5.255   9.994   6.143   7.351   4.144    5.15   5.536   8.397   8.932     3.8   5.525   1.306   2.205   2.397   8.664   10.98
   5.265   9.994   6.113   7.408   4.042   5.103   5.624   8.376   8.922   3.794   5.542   1.404   2.204   2.485   8.816   10.89
   5.259   9.968   6.077   7.446   3.934   5.075   5.705   8.358   8.956   3.787   5.561   1.486   2.195   2.575   8.907   10.81
   5.238   9.932   6.037   7.455   3.823   5.062   5.772   8.345   9.027   3.778   5.584   1.542   2.177   2.656   8.921   10.75
   5.206   9.885   5.996   7.429   3.721   5.066   5.818   8.345   9.123   3.761   5.613   1.567   2.153   2.718   8.862   10.72
   5.167   9.824   5.956   7.367   3.632   5.079   5.842   8.357   9.227   3.736   5.648   1.557   2.125   2.756   8.733   10.73
   5.125   9.763   5.921   7.269   3.565   5.097   5.836   8.383   9.322   3.697   5.693   1.509   2.094   2.763   8.554   10.78
   5.083   9.703   5.893   7.144   3.524   5.116   5.804   8.426   9.396   3.644   5.747   1.427   2.059   2.739   8.346   10.88
   5.044    9.65   5.875   7.001   3.512   5.131   5.747   8.481   9.432   3.574    5.81   1.314   2.018   2.685   8.141   11.03
   5.009   9.606   5.868    6.85    3.53    5.14   5.668   8.547   9.425   3.492   5.881   1.178   1.971   2.606   7.968   11.21
   4.978   9.574   5.873   6.707   3.577   5.141   5.573   8.617   9.371   3.397   5.957   1.029    1.92   2.511   7.852    11.4
   4.948   9.548   5.891   6.583   3.647   5.134    5.47   8.685   9.276   3.297   6.037  0.8796    1.87   2.411   7.811   11.61
   4.921   9.526   5.919    6.49   3.738   5.124   5.367   8.747   9.144   3.201   6.113  0.7482   1.831   2.321   7.846    11.8
   4.894    9.51   5.957   6.435   3.843   5.113   5.271   8.801    8.99   3.116   6.182  0.6604   1.815   2.253   7.949   11.96
   4.868   9.493   5.999   6.419   3.953   5.109   5.191   8.841   8.827   3.053    6.24  0.6459   1.835    2.22   8.098   12.07
   4.844    9.48   6.041   6.441   4.063   5.119   5.132   8.865   8.671    3.02   6.277  0.7068   1.894   2.222   8.272   12.13
   4.825   9.468   6.079   6.491   4.167   5.149   5.099   8.877   8.536   3.026   6.289  0.8202   1.986   2.256   8.448   12.13
    4.81   9.465   6.109   6.559   4.256   5.202   5.096    8.88   8.436    3.07   6.272  0.9627   2.098   2.313   8.605   12.07
   4.806   9.472   6.128   6.634   4.327   5.281    5.12   8.877    8.38   3.151   6.225   1.117   2.213   2.379   8.734   11.95
   4.812   9.493   6.134   6.706   4.375   5.385   5.168    8.87   8.371    3.26   6.148    1.27   2.317   2.442   8.825    11.8
   4.828    9.53   6.125   6.762   4.399   5.504   5.235   8.865   8.409   3.391   6.044   1.414   2.396   2.492   8.873   11.63
   4.852   9.586   6.101   6.799   4.399   5.631   5.311   8.861   8.489   3.532   5.923   1.538   2.443   2.523   8.876   11.46
   4.879    9.65   6.061   6.812   4.375   5.756   5.388   8.861     8.6   3.674   5.793   1.637   2.455   2.531   8.838    11.3
   4.906   9.734   6.009   6.801    4.33   5.865   5.458   8.865   8.732   3.807   5.668   1.705   2.431   2.513   8.762    11.2
   4.925   9.834   5.946   6.772   4.269   5.949   5.514   8.873    8.87    3.92    5.56   1.737   2.378   2.472   8.652   11.13
   4.932   9.927   5.875    6.73   4.195       6   5.553   8.884   8.999    4.01   5.479   1.732   2.304   2.411   8.513   11.14
   4.924   10.01   5.802   6.683   4.113   6.012   5.567   8.893   9.109   4.068   5.433   1.689    2.22   2.336   8.364   11.21
   4.896   10.09   5.733   6.641    4.03   5.985    5.56   8.899   9.189   4.093   5.426    1.61   2.139   2.255   8.214   11.32
   4.846   10.14   5.673   6.611   3.946   5.919   5.531   8.903   9.235   4.083   5.452   1.501   2.075   2.174   8.082   11.48
   4.773   10.16   5.628     6.6   3.868   5.824   5.483   8.898   9.247   4.041   5.506   1.368   2.039   2.105   7.981   11.65
   4.678   10.17   5.604   6.607   3.796   5.706    5.42   8.891   9.231    3.97   5.577   1.221   2.043   2.057   7.922   11.83
   4.563   10.14   5.602   6.634   3.735   5.581   5.347   8.882   9.195   3.876   5.657   1.073   2.089   2.036   7.908   11.99
   4.436   10.07   5.623   6.674   3.684   5.461    5.27   8.874   9.152   3.769   5.736  0.9369   2.174   2.047   7.938   12.11
   4.304      10   5.666   6.721   3.647   5.358   5.195   8.871   9.114   3.658   5.806  0.8304   2.289   2.086   7.998    12.2
   4.175   9.914   5.724   6.771   3.623   5.291   5.127   8.878   9.092   3.555   5.862  0.7692    2.42   2.148   8.076   12.24
   4.063   9.825   5.792   6.813   3.612   5.261   5.074   8.893   9.093   3.467   5.902  0.7601   2.554    2.22   8.152   12.25
    3.98   9.739    5.86   6.841   3.616   5.277   5.039   8.921   9.116   3.405    5.92  0.7948   2.675   2.294   8.213   12.21
   3.938   9.668   5.923    6.85   3.635   5.334   5.028   8.963   9.158   3.371   5.921   0.857   2.771   2.357    8.25   12.15
   3.949   9.616   5.975   6.836   3.667   5.425   5.043   9.007   9.209   3.367     5.9  0.9309    2.83   2.401    8.26   12.08
   4.019   9.572    6.01   6.801    3.71    5.54   5.085    9.05   9.256   3.391   5.863   1.006   2.847   2.423   8.245   12.01
   4.147   9.541   6.028   6.746   3.764   5.664   5.153   9.088   9.286   3.438   5.812   1.075   2.818   2.419   8.213   11.96
   4.323   9.522   6.027   6.681   3.827   5.785   5.243   9.113   9.295   3.499   5.752   1.133   2.744    2.39   8.173   11.94
   4.537    9.51   6.009   6.614   3.893   5.888   5.348   9.117   9.269   3.568   5.687    1.18   2.631    2.34   8.139   11.95
   4.772   9.503   5.977   6.557   3.963   5.963   5.461   9.096   9.211   3.637   5.623   1.214   2.488   2.276   8.122   11.98
   5.012   9.499   5.933   6.519   4.031   6.001   5.576   9.052   9.119   3.701   5.565   1.236   2.329   2.209   8.133   12.04
   5.239   9.497   5.883    6.51   4.099   5.998   5.683   8.978   8.995   3.755   5.515   1.249   2.169   2.147   8.177    12.1
    5.44   9.495   5.829   6.533   4.162   5.949   5.774   8.882   8.846   3.796   5.474   1.254   2.025   2.101   8.253   12.16
   5.601   9.494   5.779   6.583    4.22    5.86   5.843   8.764   8.682   3.821   5.442   1.255   1.912   2.076   8.355   12.22
   5.715   9.491   5.736   6.652   4.272   5.736   5.883   8.635   8.513   3.832   5.415   1.254   1.836   2.074   8.474   12.23
   5.776   9.488   5.706   6.727   4.316    5.59    5.89   8.506   8.353   3.827   5.391   1.253   1.797   2.092   8.597   12.23
   5.782   9.488   5.695   6.791   4.351   5.434   5.862   8.388   8.218   3.809   5.368   1.252    1.79   2.124   8.702   12.18
   5.737   9.496   5.706   6.829   4.375   5.287   5.798   8.294   8.127   3.785   5.343    1.25   1.803   2.164   8.775   12.11
   5.647    9.52   5.742    6.83   4.386   5.165   5.699   8.235   8.095   3.755   5.316   1.246    1.83   2.204   8.797   12.01
   5.523   9.567   5.805   6.787   4.383   5.084    5.57   8.224   8.136   3.728    5.29   1.238    1.86   2.238   8.756   11.91
   5.378   9.649   5.891     6.7    4.36    5.05   5.416   8.267   8.257   3.706   5.267   1.224   1.892   2.261   8.648    11.8
   5.227   9.772   5.997   6.569    4.32   5.066   5.245   8.364   8.454   3.692   5.252   1.203   1.922   2.272   8.474   11.71
   5.085   9.939   6.115   6.405    4.26   5.127   5.066   8.512   8.713   3.691   5.249   1.175   1.947   2.269   8.243   11.65
   4.964   10.14   6.241   6.217    4.18    5.22   4.889   8.697   9.013   3.703   5.262   1.143   1.968   2.252   7.971   11.63
   4.874   10.37   6.366   6.018   4.084   5.333   4.725   8.906   9.328   3.726   5.295   1.108   1.983   2.222   7.681   11.67
   4.819    10.6   6.488   5.827   3.973   5.452   4.585   9.123    9.63   3.759   5.345   1.075   1.991   2.179   7.397   11.75
   4.798   10.83     6.6   5.659   3.853   5.563   4.477   9.329   9.894   3.799   5.414   1.046   1.992   2.129   7.143   11.88
   4.805   11.02   6.701   5.534   3.728   5.659    4.41   9.503    10.1   3.842   5.493   1.024   1.989   2.074    6.94   12.02
   4.832   11.15   6.792   5.465   3.606   5.733   4.387   9.641   10.24   3.884   5.578   1.015   1.987   2.022   6.798   12.17
   4.869   11.21   6.872   5.467    3.49   5.783   4.407   9.734   10.31   3.921   5.658   1.022   1.992   1.982   6.723   12.29
   4.907   11.19   6.942    5.54   3.388   5.808   4.467   9.778   10.29   3.951   5.725   1.046   2.008   1.963    6.71   12.38
   4.938   11.09   7.003   5.681   3.305   5.811   4.558   9.765    10.2    3.97   5.769   1.087    2.04   1.973   6.751    12.4
   4.959   10.91   7.057   5.873   3.244   5.798   4.671   9.713   10.06   3.979   5.783   1.144   2.089   2.014   6.835   12.35
   4.965   10.68   7.102   6.095   3.207   5.771   4.792   9.629   9.863   3.976   5.761   1.213   2.152   2.085   6.954   12.23
   4.956   10.38    7.14   6.324   3.198   5.739   4.911   9.523   9.641   3.961     5.7    1.29   2.222   2.177   7.093   12.05
   4.931   10.07   7.169   6.539   3.212   5.708   5.016   9.411   9.409   3.937   5.603   1.366    2.29   2.281    7.24   11.81
   4.896   9.757    7.19   6.722    3.25   5.684   5.099   9.305   9.188   3.903   5.473   1.433   2.348   2.384   7.381   11.54
   4.852   9.462   7.202   6.859   3.306   5.671   5.152    9.22   8.991   3.862   5.322   1.482   2.388   2.474   7.501   11.25
   4.807   9.208   7.204   6.944   3.376   5.672   5.174   9.164   8.834   3.817   5.161   1.508   2.404   2.543   7.587   10.98
   4.766   9.012   7.197   6.977   3.454   5.687   5.161   9.147   8.723   3.768   5.006   1.507   2.393   2.584   7.629   10.74
   4.736   8.884    7.18   6.963   3.532   5.713   5.119   9.158   8.661    3.72   4.876    1.48   2.356   2.595   7.623   10.55
   4.723   8.829   7.156   6.914   3.605   5.745   5.048   9.203   8.646   3.674   4.786   1.429   2.297   2.575   7.571   10.42
    4.73   8.846   7.129   6.845   3.669   5.776    4.96   9.267   8.668   3.632    4.75   1.361   2.222   2.531   7.483   10.36
    4.76   8.927     7.1   6.773   3.719   5.797    4.86   9.338   8.714   3.597   4.775   1.286   2.139   2.464   7.375   10.34
   4.814    9.06   7.073   6.717   3.752   5.806   4.759   9.404   8.772   3.567   4.864   1.213   2.056   2.387   7.269   10.37
   4.891   9.228   7.052   6.689   3.771   5.796   4.665   9.452   8.827   3.545   5.011   1.154   1.983   2.307   7.185   10.43
   4.983   9.415   7.036   6.698   3.777   5.766   4.585   9.478   8.866    3.53   5.203   1.114   1.924   2.232   7.138   10.49
   5.089   9.598   7.024   6.746   3.772   5.716   4.525   9.467   8.881    3.52   5.423   1.096   1.884    2.17   7.137   10.55
   5.201   9.772   7.016    6.83   3.764   5.653    4.49   9.421   8.872   3.512   5.656   1.093   1.863   2.123   7.177   10.57
   5.313   9.915   7.006    6.94   3.756   5.578   4.479   9.347   8.835   3.507   5.882   1.101   1.857   2.093   7.248   10.55
   5.418   10.02   6.991   7.066   3.752   5.499   4.492   9.243   8.777   3.499   6.086   1.113   1.864   2.078   7.332   10.48
   5.512   10.08   6.967   7.194   3.756   5.424   4.526   9.125   8.704    3.49   6.255   1.124   1.877   2.077   7.414   10.38
    5.59   10.11    6.93   7.309    3.77   5.359   4.578   8.997   8.629   3.477   6.379   1.132   1.894   2.086   7.479   10.25
   5.648    10.1   6.877   7.399   3.794   5.308   4.643   8.878   8.562   3.461   6.451   1.138   1.908   2.101   7.518   10.11
   5.682   10.07   6.809   7.454   3.825   5.276   4.718   8.778   8.514   3.443   6.468   1.141   1.917   2.121    7.53   9.966
   5.693   10.03   6.727   7.466   3.858   5.263   4.799   8.706   8.496   3.425   6.432   1.142   1.919   2.144   7.515   9.847
   5.679   9.973   6.634   7.432   3.892   5.269   4.884   8.668   8.512   3.409   6.349   1.143    1.91   2.169   7.481   9.769
   5.645    9.93   6.534   7.354   3.921    5.29    4.97   8.666   8.565     3.4   6.229   1.143   1.893   2.194   7.435    9.75
   5.591   9.914   6.434   7.238   3.945   5.322   5.056   8.699   8.653   3.398   6.081   1.144   1.868   2.219   7.387    9.79
   5.525   9.908   6.342   7.097   3.962   5.358    5.14    8.76   8.772   3.408   5.919   1.147   1.837   2.244   7.345   9.886
   5.447   9.921   6.264   6.943   3.969   5.395   5.222   8.838   8.913    3.43   5.754   1.153   1.807    2.27   7.316   10.03
   5.365   9.951   6.208   6.796   3.966   5.426   5.299   8.925   9.067   3.469   5.596   1.165   1.783   2.296   7.307   10.21
   5.282   9.988   6.178   6.669   3.956   5.446    5.37   9.008   9.224    3.52   5.453   1.187    1.77   2.323   7.316    10.4
   5.202   10.02   6.177   6.574    3.94   5.456   5.432   9.077   9.374   3.582   5.331   1.218   1.773   2.351   7.342   10.59
    5.13   10.05   6.205   6.512    3.92   5.455   5.481    9.13   9.507   3.651   5.229   1.257   1.795   2.379    7.38   10.76
   5.067   10.04   6.257    6.48     3.9   5.443   5.515   9.154   9.615   3.722   5.147   1.298   1.833   2.406   7.418   10.89
   5.015   10.02   6.325   6.461   3.884   5.424    5.53   9.156   9.692   3.787   5.082   1.336   1.885   2.429   7.448   10.99
   4.978   9.969   6.401   6.442   3.877   5.405   5.524   9.126   9.741   3.841   5.029   1.364   1.947   2.446   7.458   11.04
   4.955   9.878   6.475   6.407   3.881    5.39   5.495   9.076   9.753    3.88   4.987    1.38   2.013   2.456   7.436   11.05
   4.946   9.756   6.537   6.343     3.9   5.383   5.444   9.008   9.737     3.9   4.953   1.376    2.08   2.456   7.379   11.03
    4.95   9.607   6.581   6.243   3.935   5.387   5.372   8.932   9.693     3.9   4.922   1.353   2.142   2.445   7.284   10.99
   4.965   9.446     6.6   6.109   3.983   5.407   5.283   8.851   9.629   3.877   4.899   1.311   2.195   2.426   7.156   10.97
   4.989   9.282   6.593   5.944    4.04   5.437   5.181   8.775   9.558   3.837   4.883   1.253    2.24   2.398   7.005   10.95
   5.018   9.126   6.561   5.762     4.1   5.477   5.074   8.707   9.481   3.779   4.881   1.183   2.272   2.364   6.845   10.98
   5.052   8.993   6.507   5.576   4.158   5.521   4.969   8.654    9.41   3.712   4.892   1.105   2.294   2.329   6.688   11.05
   5.087   8.894    6.44   5.405   4.205   5.566   4.875   8.614    9.35   3.641   4.923   1.025   2.306   2.294   6.555   11.16
   5.121   8.837   6.368   5.268   4.238   5.605   4.798   8.588   9.303   3.572   4.973  0.9477    2.31   2.263   6.458   11.29
   5.155   8.827   6.302   5.185   4.252   5.634   4.744   8.575   9.272   3.513   5.045  0.8806   2.309    2.24   6.408   11.43
   5.187   8.862   6.253   5.172   4.245   5.651   4.714    8.57   9.253   3.472   5.136  0.8281   2.305   2.224    6.41   11.58
   5.219   8.943    6.23   5.239   4.219   5.653   4.711    8.57   9.245   3.449   5.241  0.7965   2.301   2.217   6.467   11.68
   5.251   9.061   6.235    5.39   4.176   5.642    4.73   8.573   9.245   3.449    5.35  0.7904   2.299   2.218   6.576   11.73
   5.285   9.207    6.27   5.616   4.121    5.62    4.77   8.576   9.246    3.47   5.456  0.8127   2.299   2.223    6.73   11.72
    5.32   9.367   6.332   5.899   4.058    5.59   4.824   8.578   9.249   3.507    5.55  0.8614   2.301    2.23   6.917   11.65
   5.357   9.531    6.41   6.217   3.993   5.556   4.888    8.58   9.249   3.557   5.622   0.929   2.305   2.236   7.126   11.51
   5.393   9.677   6.495   6.542   3.934   5.522   4.953   8.585   9.243   3.611   5.667   1.006   2.309   2.238   7.343   11.31
   5.427   9.811   6.574   6.847   3.883   5.493   5.017   8.593   9.233   3.665   5.681   1.082   2.312   2.235   7.549   11.06
   5.457   9.915   6.639   7.108   3.846   5.471   5.071   8.609   9.217   3.712   5.662    1.15   2.313   2.227   7.732   10.79
   5.479   9.978   6.676   7.304   3.827   5.458   5.112   8.633   9.194   3.747   5.613   1.202   2.312   2.216   7.875   10.52
    5.49   9.991   6.679   7.419   3.827   5.454   5.138   8.664   9.166   3.767   5.539   1.233   2.312   2.208   7.971   10.26
   5.488    9.96   6.645   7.446   3.846   5.456   5.146   8.702   9.134   3.771   5.445   1.242   2.312   2.206   8.015   10.03
   5.468   9.885   6.572   7.382   3.883   5.458   5.141   8.746   9.099   3.759   5.342   1.229   2.316   2.219   8.014    9.87
   5.431   9.766   6.462   7.235   3.935   5.458   5.125   8.787   9.059   3.732   5.239   1.197   2.327   2.256   7.976   9.785
   5.376   9.617   6.323    7.02   3.999   5.451   5.108   8.823   9.018   3.693   5.145   1.152   2.346   2.321   7.918   9.776
   5.302   9.447   6.164   6.759   4.068   5.432   5.094   8.847   8.973   3.649   5.072   1.101   2.376   2.418   7.859   9.851
   5.212   9.267   5.996   6.475   4.138   5.402   5.095   8.858   8.928   3.605   5.026   1.054   2.416   2.547   7.819   9.997
   5.109   9.089   5.832   6.203   4.202   5.357   5.114   8.848   8.883   3.568   5.013   1.021   2.466   2.702   7.811    10.2
   5.001   8.924   5.686    5.97   4.259   5.301   5.153   8.821   8.839   3.544   5.035   1.009   2.524   2.873   7.845   10.44
   4.895    8.78   5.569   5.802   4.306   5.238   5.209   8.772   8.798   3.539   5.087   1.023   2.586    3.05   7.917   10.69
   4.798   8.665   5.492   5.714    4.34   5.173   5.271   8.706   8.764   3.557   5.166   1.061   2.648    3.22   8.019   10.92
   4.721   8.581   5.462   5.707   4.364   5.114   5.334   8.628   8.738   3.596   5.258    1.12   2.703   3.367   8.133   11.12
   4.672   8.527   5.479   5.769   4.379   5.067   5.383   8.545   8.724   3.655   5.355   1.191   2.746   3.481   8.246   11.28
   4.655   8.501   5.543   5.876   4.387    5.04    5.41   8.465   8.725   3.732   5.444   1.268   2.773   3.551   8.339   11.37
   4.673   8.501   5.647   6.004    4.39   5.043   5.406   8.392    8.74   3.819   5.517   1.345    2.78   3.568   8.403    11.4
   4.722   8.521   5.781    6.13   4.392    5.08   5.368   8.337   8.773   3.913   5.566   1.417   2.764   3.529   8.431   11.39
   4.795   8.557   5.936   6.236   4.391   5.153   5.293   8.303   8.823   4.005   5.587   1.478   2.728   3.435   8.419   11.34
   4.883   8.606   6.097    6.31   4.386   5.261   5.186   8.299   8.886   4.093   5.579   1.526   2.674   3.287   8.373   11.26
   4.974    8.66   6.257   6.344   4.379   5.403   5.052   8.321   8.963   4.171   5.546   1.557   2.608   3.095     8.3   11.18
   5.057    8.72   6.403   6.341   4.365   5.571     4.9   8.371   9.046   4.236   5.492   1.568   2.538   2.872    8.21   11.12
   5.125   8.777   6.529   6.303   4.345   5.754   4.742   8.443   9.131   4.285   5.428   1.562   2.474   2.637   8.113   11.07
   5.173   8.831   6.627    6.24   4.318   5.939    4.59   8.536   9.215   4.319   5.361   1.537   2.424   2.412   8.024   11.07
     5.2   8.878   6.696   6.164   4.284   6.115   4.456   8.639   9.291   4.336   5.301   1.496   2.395   2.219   7.954   11.09
   5.204    8.92   6.734    6.09   4.242   6.272   4.354   8.747   9.357   4.338   5.259   1.444   2.388    2.08   7.909   11.15
   5.191   8.965   6.743   6.031   4.194   6.396   4.293   8.851   9.409   4.328   5.241   1.384   2.402   2.008   7.895   11.22
   5.165   9.019   6.726   6.004    4.14   6.479   4.281   8.949   9.445   4.306   5.255   1.322   2.431   2.002   7.912   11.31
   5.135   9.091   6.687   6.014   4.084   6.519   4.321   9.034   9.469   4.275   5.306   1.261   2.469   2.048   7.954    11.4
   5.109   9.194   6.631   6.063    4.03   6.514    4.41   9.106   9.479   4.236   5.393   1.202   2.506   2.125   8.012   11.47
   5.097   9.337   6.562   6.148    3.98   6.464   4.544   9.168   9.479   4.189   5.512   1.148   2.537   2.216   8.074   11.53
   5.108   9.521   6.485   6.258   3.939   6.374   4.708   9.212   9.475   4.134   5.657   1.097   2.555   2.305   8.126   11.56
   5.147   9.746   6.403   6.378   3.913   6.255   4.892    9.25   9.467   4.072    5.82   1.047   2.559   2.382   8.162   11.57
   5.219   9.994    6.32   6.493   3.904   6.116    5.08   9.277   9.458   4.004   5.987  0.9981   2.545   2.442    8.17   11.53
   5.324   10.26   6.241    6.59   3.916    5.97   5.258     9.3   9.452   3.932   6.151  0.9488   2.515    2.48   8.151   11.49
   5.455   10.53   6.165   6.655   3.948   5.829   5.416    9.32   9.448   3.858   6.296  0.9009   2.469   2.493   8.103   11.42
   5.603   10.76   6.098   6.683   3.997   5.709   5.541   9.335   9.444   3.784   6.415  0.8554   2.408   2.481   8.033   11.34
   5.758   10.95    6.04   6.669   4.059   5.616   5.628   9.346    9.44   3.715   6.498  0.8157   2.338   2.443   7.948   11.24
   5.903   11.08   5.995   6.616   4.129    5.56   5.674   9.351    9.43   3.656   6.541   0.784   2.264   2.383    7.86   11.14
   6.027   11.13   5.965   6.531   4.199   5.543   5.677   9.349   9.416   3.611   6.541   0.763   2.193   2.305    7.78   11.05
   6.116   11.11    5.95   6.424   4.265   5.563   5.641    9.34    9.39   3.584   6.498  0.7548   2.137   2.218   7.719   10.96
   6.163   11.01   5.954   6.309    4.32   5.617   5.573   9.314   9.355   3.578   6.414  0.7603   2.103   2.134   7.683   10.87
   6.163   10.83   5.976     6.2   4.364   5.697   5.478   9.279   9.311   3.596   6.297  0.7796   2.101   2.066   7.679   10.79
   6.114    10.6   6.014   6.114   4.393   5.793   5.368    9.23   9.257   3.636   6.156  0.8121   2.131   2.024   7.706   10.71
   6.023   10.33   6.065   6.062   4.407   5.898   5.249   9.171     9.2   3.696   5.995  0.8555   2.189   2.016   7.759   10.63
   5.896   10.03   6.126   6.049   4.409   5.997   5.132   9.103   9.143   3.773   5.827  0.9065   2.267   2.038    7.83   10.54
   5.748   9.742   6.189   6.074     4.4   6.084   5.025   9.034   9.093   3.859   5.662  0.9608    2.35   2.081   7.908   10.45
   5.596   9.474   6.248   6.131   4.383   6.149   4.934   8.969   9.055   3.946   5.506   1.013   2.425    2.13   7.979   10.37
   5.456   9.254   6.296   6.202   4.363   6.188   4.862   8.912   9.037   4.026   5.369   1.059   2.482   2.172    8.03   10.28
   5.347   9.097   6.329   6.276   4.341   6.193   4.811   8.872   9.043   4.091   5.258   1.094   2.511   2.196   8.051   10.19
   5.283   9.017   6.342   6.334   4.323   6.168   4.784    8.85   9.077   4.132   5.178   1.115   2.511   2.195   8.034   10.13
    5.27   9.014   6.334   6.366    4.31   6.108   4.779   8.848   9.136   4.146   5.128    1.12   2.482   2.168   7.978   10.09
   5.309   9.084   6.304   6.362   4.305   6.022   4.797   8.866   9.219   4.128   5.111   1.108   2.429   2.118   7.888   10.08
    5.39   9.211   6.256   6.318   4.307    5.91   4.835   8.901   9.314   4.078   5.123   1.082    2.36    2.05   7.772    10.1
   5.503   9.381   6.194   6.237   4.317   5.785   4.889   8.945   9.415   3.997   5.161   1.045   2.286   1.972   7.645   10.16
    5.63    9.57   6.123   6.122   4.333   5.653   4.959   8.995   9.507   3.893   5.219   1.002   2.217   1.897   7.525   10.25
   5.756   9.763   6.051   5.981   4.354   5.523   5.041   9.039   9.584   3.772   5.292  0.9612   2.166   1.836   7.428   10.36
   5.868   9.931   5.986    5.83   4.379   5.405    5.13   9.075   9.635   3.646   5.372  0.9302   2.139   1.802   7.366   10.49
   5.953   10.06   5.932   5.678   4.403   5.305   5.224   9.094   9.654   3.523   5.453  0.9159   2.141   1.808   7.347   10.62
   6.004   10.14   5.896   5.542   4.425    5.23   5.318   9.097   9.635   3.415   5.528  0.9231   2.173    1.86   7.371   10.74
   6.016   10.18   5.881   5.436   4.443    5.18   5.405   9.077   9.583   3.329   5.592  0.9522    2.23   1.961   7.431   10.85
   5.987   10.16   5.889    5.37   4.454   5.158   5.482   9.037   9.498   3.271   5.641       1   2.306     2.1   7.513   10.95
   5.919    10.1   5.918   5.352   4.455   5.159   5.545   8.984   9.393   3.242   5.672    1.06   2.394   2.267   7.604   11.01
   5.816      10   5.964   5.383   4.445   5.181   5.589   8.919   9.278    3.24   5.686   1.125   2.484   2.443    7.69   11.06
   5.685   9.884   6.021   5.457   4.423   5.219   5.611    8.85   9.163   3.261   5.682   1.188   2.566    2.61   7.759   11.08
   5.538   9.763   6.085   5.564   4.389   5.267   5.609   8.788   9.066     3.3   5.664   1.242   2.631   2.754   7.802   11.09
   5.385   9.662   6.149    5.69   4.344   5.321   5.582    8.74   8.995   3.351   5.636   1.282   2.671   2.861   7.814    11.1
   5.239   9.593   6.207    5.82   4.288   5.376   5.532   8.715   8.965    3.41   5.602   1.302   2.678   2.919   7.797   11.12
   5.112   9.569   6.257   5.938   4.226   5.428   5.463   8.721   8.977   3.469   5.569   1.302   2.648   2.923   7.752   11.16
   5.013   9.597   6.295   6.037   4.161   5.473    5.38   8.756   9.033   3.527   5.542    1.28   2.582    2.87   7.683   11.22
   4.946    9.67   6.322   6.109   4.095   5.507   5.291   8.819   9.133   3.578   5.523   1.239   2.484   2.764   7.603   11.31
   4.913   9.772   6.338    6.15   4.029   5.529   5.205   8.903   9.264    3.62   5.519   1.182   2.364   2.617   7.522   11.45
   4.908   9.894   6.346   6.164   3.966   5.538    5.13   8.997   9.412   3.652   5.528   1.115   2.238   2.441   7.453    11.6
   4.922      10   6.348   6.156   3.911   5.535   5.074   9.091   9.562   3.673   5.552   1.048   2.128   2.258   7.411   11.78
   4.948   10.09   6.348   6.136   3.861    5.52   5.045   9.167   9.703   3.686   5.589  0.9888   2.053   2.091   7.408   11.94
   4.973   10.15   6.349   6.115   3.822   5.495   5.046    9.22   9.815   3.695   5.637  0.9491   2.033   1.965   7.451   12.09
    4.99   10.15   6.354   6.106   3.793   5.465    5.08   9.238   9.886   3.705   5.692  0.9345   2.071   1.903   7.544   12.19
   4.992   10.11   6.361    6.12   3.778   5.431    5.14    9.22   9.906   3.719   5.752  0.9461   2.162   1.912   7.682   12.25
   4.977   10.01   6.371   6.165   3.778   5.397   5.222   9.161   9.873    3.74   5.811  0.9798   2.287   1.981   7.852   12.24
   4.944   9.865   6.382   6.243   3.795   5.361   5.315   9.062    9.78   3.768   5.867   1.027   2.427   2.091   8.042   12.17
   4.898    9.67    6.39   6.353   3.829   5.328   5.412   8.928   9.635   3.802   5.919   1.079   2.564   2.224   8.231   12.04
   4.842   9.456   6.391   6.486   3.881   5.295   5.499   8.771   9.449   3.835   5.963   1.128   2.686   2.364   8.403   11.86
   4.784   9.228    6.38    6.63   3.946   5.259   5.572   8.596   9.234   3.864   5.998   1.168   2.783   2.498   8.543   11.66
   4.732   9.008   6.356   6.771   4.018   5.223   5.621    8.42    9.01   3.884   6.025   1.196    2.85    2.62   8.641   11.45
   4.692   8.813   6.316   6.895   4.092   5.183   5.645    8.25   8.796   3.891   6.043    1.21   2.886   2.721   8.689   11.26
   4.668   8.656   6.259   6.992   4.161   5.138   5.643   8.104   8.612   3.884   6.052   1.209   2.888   2.797   8.687    11.1
   4.658   8.554   6.188   7.053   4.217    5.09   5.617    7.99   8.476   3.859   6.053   1.195   2.859    2.84   8.639      11
   4.664   8.512   6.107   7.074   4.255   5.041   5.574   7.916   8.398   3.822   6.045   1.168     2.8   2.852   8.558   10.97
   4.679   8.529   6.023   7.055   4.269   4.991   5.519   7.888    8.38   3.771   6.027   1.132   2.716    2.83   8.456   11.01
   4.696   8.602   5.942   7.001   4.258   4.948   5.462   7.906   8.418   3.714   5.998   1.091   2.615    2.78   8.353   11.11
   4.708   8.715   5.873   6.919    4.22   4.912   5.411   7.962   8.498   3.655   5.958   1.049   2.505   2.711    8.26   11.28
   4.709   8.856   5.821   6.818   4.159   4.888   5.373   8.053   8.604   3.601   5.908   1.014     2.4   2.636   8.194   11.47
   4.692   9.006   5.791   6.711   4.077   4.877   5.351   8.167   8.718   3.555   5.847   0.989   2.314   2.572   8.166   11.69
   4.657    9.15   5.783    6.61   3.981   4.885   5.348   8.293   8.822   3.525   5.779  0.9795    2.26   2.536   8.179   11.91
     4.6   9.274   5.795   6.525   3.878    4.91   5.363   8.419   8.904   3.512   5.706  0.9852   2.246   2.538   8.229    12.1
   4.527   9.372   5.821   6.467   3.777   4.952   5.391   8.537    8.95   3.517   5.633   1.003   2.271   2.584   8.308   12.26
   4.441   9.438   5.855    6.44   3.683   5.011   5.424   8.638    8.96    3.54   5.563   1.026   2.326   2.663   8.405   12.36
   4.351   9.472   5.888   6.446   3.609   5.083   5.458   8.718   8.931   3.574   5.502    1.05   2.397   2.763   8.502   12.41
   4.265   9.478   5.913   6.484   3.561   5.165   5.482   8.771   8.867   3.616   5.455   1.066   2.465   2.864   8.587    12.4
   4.192   9.464   5.925   6.547   3.546   5.251   5.494   8.795   8.774   3.658   5.425   1.072   2.517   2.953   8.649   12.34
   4.143   9.436   5.919   6.625   3.566   5.337   5.487   8.793   8.664   3.694   5.417   1.065    2.54   3.014   8.676   12.24
   4.124   9.408   5.895   6.709   3.624   5.418    5.46   8.769   8.553   3.719   5.432   1.046   2.526   3.042   8.667   12.12
   4.141   9.386   5.855   6.789   3.714    5.49   5.412   8.724   8.451   3.729   5.471   1.014   2.473   3.032    8.62      12
   4.193   9.378   5.803   6.854   3.831   5.547   5.344   8.664   8.374   3.722   5.532  0.9724   2.381   2.981   8.544    11.9
   4.278   9.389   5.744     6.9   3.966   5.589   5.261   8.591   8.329   3.696    5.61  0.9282   2.256   2.894   8.445   11.82
   4.389   9.418   5.688   6.923    4.11   5.614    5.17   8.512   8.325   3.655   5.699  0.8876   2.105   2.774   8.339   11.79
   4.516   9.465   5.642   6.924    4.25   5.624   5.081   8.433   8.363   3.602   5.789  0.8582    1.94   2.629   8.239   11.79
   4.649   9.524   5.616   6.905   4.381   5.616   5.002   8.353   8.441   3.543   5.874  0.8474   1.774   2.472   8.161   11.83
    4.78    9.59   5.617   6.873   4.493   5.597   4.945   8.279   8.551   3.487   5.943  0.8594   1.624   2.316   8.115    11.9
   4.898   9.658    5.65   6.832   4.582    5.57   4.917   8.215   8.685    3.44   5.987  0.8948   1.506   2.181   8.107   11.98
   4.995   9.712   5.716   6.786    4.64   5.533   4.925    8.16   8.829   3.411   6.002  0.9499   1.437    2.09   8.137   12.06
   5.066   9.763   5.809   6.737   4.671   5.494   4.971   8.119   8.973   3.403   5.982   1.019   1.426   2.063   8.199   12.14
   5.106   9.795   5.921   6.686   4.673   5.452   5.052   8.095   9.104   3.421   5.928   1.096   1.469   2.113   8.282   12.21
   5.114   9.805   6.038   6.631   4.648    5.41   5.162   8.088   9.212    3.46    5.84   1.174   1.555   2.239   8.371   12.25
   5.089   9.791   6.146   6.568   4.602   5.368    5.29   8.101    9.29   3.516   5.725   1.245   1.669    2.42   8.453   12.26
   5.036   9.762   6.232   6.494   4.541   5.329   5.425   8.132   9.334   3.581   5.588   1.307   1.794   2.627   8.515   12.26
   4.961   9.708   6.283   6.406   4.473   5.292   5.557   8.184   9.349    3.65   5.439   1.354   1.921   2.833   8.552   12.23
   4.876   9.647    6.29   6.302   4.404   5.256   5.676   8.254    9.33   3.712   5.292   1.384   2.038   3.018   8.554   12.17
    4.79   9.578    6.25   6.184   4.342   5.222   5.775   8.337   9.292   3.764   5.159   1.397   2.139   3.164    8.52    12.1
   4.718   9.508   6.163   6.054   4.292   5.191   5.848   8.428   9.242     3.8   5.053   1.393   2.218   3.261   8.455   12.02
   4.671   9.439   6.036   5.916   4.259   5.163   5.893   8.522    9.19   3.818   4.991   1.376   2.272   3.302   8.364   11.94
   4.658   9.376   5.878   5.782   4.244   5.138   5.909    8.61   9.144   3.817   4.978   1.351   2.299   3.287   8.258   11.84
   4.681   9.315   5.704   5.661   4.245   5.119   5.904   8.687   9.114   3.798   5.019   1.324   2.301   3.218   8.149   11.76
   4.737   9.256   5.529   5.565   4.258   5.104   5.879   8.743     9.1   3.762   5.112   1.302   2.281   3.105   8.049   11.68
   4.818   9.194   5.369   5.503   4.278   5.098   5.844    8.77     9.1   3.715   5.247   1.292   2.246   2.962   7.971    11.6
   4.909   9.126   5.239   5.485     4.3   5.097   5.806   8.772   9.108   3.659    5.41     1.3   2.205   2.806   7.925   11.52
   4.999   9.047   5.151   5.517   4.317   5.103   5.773   8.741   9.117   3.604   5.585   1.326    2.17   2.658   7.917   11.45
   5.075   8.959   5.113   5.598   4.326   5.111    5.75   8.678   9.119   3.552   5.756   1.368   2.152   2.541   7.951   11.37
   5.127   8.858   5.128   5.727   4.322   5.122   5.742   8.587   9.106    3.51   5.906   1.422    2.16   2.472   8.024   11.29
   5.149   8.754   5.196   5.893   4.305   5.129   5.748   8.477   9.073   3.481   6.025   1.479   2.199   2.464   8.126    11.2
   5.138   8.648   5.309   6.085   4.276   5.132   5.765   8.353    9.02   3.468   6.103   1.533   2.266   2.513   8.247   11.13
   5.094   8.551   5.458   6.283   4.233   5.125   5.788   8.228   8.947   3.469   6.137   1.577   2.354   2.606   8.374   11.06
   5.021   8.471   5.629   6.472   4.181   5.106   5.807   8.108   8.857   3.481   6.126   1.605   2.451   2.721   8.492      11
   4.925   8.418   5.811   6.633   4.122   5.075   5.816   8.006    8.76   3.502   6.074   1.615   2.545   2.839    8.59   10.97
   4.814     8.4   5.989    6.75   4.059   5.031   5.809    7.93   8.661   3.528   5.985   1.603   2.625    2.94   8.659   10.97
   4.701   8.424   6.152   6.816   3.997   4.974    5.78   7.885   8.573   3.555    5.87   1.569   2.681   3.012   8.695      11
   4.596   8.496   6.291   6.825   3.943   4.908   5.726   7.877   8.502   3.579   5.738   1.515   2.707   3.046   8.702   11.05
    4.51   8.619   6.402   6.781   3.898   4.838   5.649   7.906   8.458   3.596     5.6   1.443     2.7   3.038   8.681   11.14
   4.456   8.789   6.485   6.692   3.868   4.771   5.552    7.97   8.449   3.608   5.467   1.358   2.659   2.986   8.643   11.24
   4.442   9.002   6.541   6.573   3.856   4.716    5.44   8.065   8.475   3.613    5.35   1.268   2.587   2.895   8.595   11.35
    4.47   9.247   6.575   6.438   3.863   4.681   5.321   8.186    8.54   3.614   5.257    1.18   2.489   2.768   8.546   11.46
   4.541   9.511   6.596   6.306    3.89   4.674   5.205   8.322   8.637    3.61   5.198   1.103   2.373   2.615   8.508   11.56
   4.645   9.778   6.609   6.193   3.934   4.705     5.1   8.469   8.758   3.606   5.178   1.042   2.245   2.445   8.482   11.64
   4.775   10.03   6.619   6.114   3.989   4.775   5.016   8.612   8.895   3.603   5.197   1.004   2.116   2.267   8.471   11.69
   4.914   10.25   6.628   6.076   4.053   4.884   4.959   8.751   9.035   3.605   5.255  0.9864   1.997   2.094   8.473    11.7
   5.051   10.41   6.633   6.079   4.117   5.026   4.934   8.872   9.164   3.611   5.346  0.9853   1.898   1.937   8.488   11.69
   5.172   10.52   6.629   6.119   4.177   5.193   4.939    8.97   9.269   3.622    5.46  0.9929   1.831   1.809   8.501   11.64
   5.266   10.55   6.611   6.189   4.226   5.373   4.974   9.042   9.343   3.636   5.586   1.003   1.802   1.723   8.515   11.58
   5.325   10.52   6.574   6.276   4.262   5.553   5.032   9.088   9.376   3.648   5.713   1.008   1.817   1.687   8.522    11.5
   5.343   10.42   6.514   6.368   4.281    5.72   5.106   9.104   9.365   3.658   5.829   1.005   1.874   1.701   8.518   11.44
   5.319   10.26   6.429   6.454   4.282   5.863   5.186   9.097   9.315   3.661   5.928  0.9931   1.969   1.759   8.497    11.4
   5.256   10.05   6.322   6.524   4.264   5.973   5.264   9.061   9.227   3.656   5.998  0.9714   2.091   1.853   8.461    11.4
   5.156     9.8   6.197    6.57   4.229   6.044   5.333   9.013   9.109   3.641   6.038  0.9427   2.231    1.97   8.412   11.44
    5.03   9.528   6.059   6.586    4.18   6.071   5.385   8.946   8.973   3.617   6.042  0.9109   2.378     2.1   8.352   11.53
   4.885   9.262   5.917   6.573   4.121   6.056   5.419   8.871    8.83   3.588   6.011  0.8812   2.522   2.229   8.288   11.65
   4.739   9.014    5.78   6.534   4.056   6.002   5.432   8.792   8.694   3.554   5.946  0.8602   2.654   2.347   8.227    11.8
   4.602     8.8   5.661   6.476   3.991   5.915   5.425   8.714   8.574   3.521   5.849  0.8536   2.766   2.445   8.175   11.94
   4.493   8.638    5.57   6.411   3.932   5.805     5.4   8.638   8.479   3.493   5.727  0.8655   2.851   2.517   8.139   12.07
   4.425   8.535   5.518   6.352   3.884   5.684   5.363   8.568   8.416   3.473   5.589  0.8968   2.905   2.561   8.124   12.16
   4.413   8.493   5.515   6.311   3.853   5.565   5.319    8.51   8.387   3.468   5.441   0.945   2.923   2.578   8.128   12.19
   4.461   8.513   5.569     6.3   3.841   5.463   5.276   8.464   8.393   3.477   5.294   1.006   2.905    2.57   8.147   12.16
   4.572   8.587   5.677   6.324   3.849   5.388   5.238   8.426   8.432   3.504   5.155   1.073    2.85   2.542   8.172   12.05
   4.737   8.705   5.835   6.385   3.877   5.348   5.213   8.404   8.499   3.549   5.033   1.139   2.761   2.501   8.196   11.88
   4.946   8.857   6.027   6.474   3.924   5.346   5.201   8.394   8.588   3.609   4.931   1.197   2.642   2.454   8.206   11.63
   5.179    9.03   6.237   6.582   3.983   5.381   5.203   8.393   8.692   3.679   4.856   1.243   2.499   2.407   8.191   11.34
    5.42   9.209   6.447   6.695    4.05   5.444    5.22   8.401   8.801   3.754   4.809   1.271   2.342   2.365   8.146   11.01
   5.649   9.385   6.638   6.802   4.115   5.526   5.249   8.417    8.91   3.829   4.793   1.279   2.178   2.331   8.069   10.66
   5.849   9.544   6.793   6.889   4.172   5.616   5.284   8.437    9.01   3.898   4.807   1.266   2.022   2.309   7.962   10.32
   6.006   9.676   6.902   6.946   4.213     5.7   5.322    8.46   9.098   3.953   4.851   1.231   1.885   2.297    7.83   10.01
   6.111   9.772   6.957   6.966   4.233    5.77   5.359   8.482   9.168   3.992   4.921   1.178   1.781   2.295   7.687   9.743
   6.155   9.829   6.957   6.949   4.226   5.816   5.389   8.501   9.221   4.013   5.014   1.111    1.72     2.3   7.544   9.541
   6.138    9.84   6.906   6.895   4.191   5.836    5.41   8.519   9.257   4.013   5.122   1.038   1.705   2.311   7.416   9.408
   6.061   9.815    6.81   6.813    4.13   5.826    5.42   8.534   9.279   3.994   5.238  0.9676   1.735   2.327   7.317   9.347
   5.933   9.749   6.682   6.716   4.044   5.788   5.418   8.544   9.288   3.959    5.35  0.9107     1.8   2.344   7.257   9.346
   5.765   9.656   6.536   6.618   3.943   5.726   5.405   8.552   9.288   3.911    5.45  0.8783   1.889   2.363   7.242   9.402
   5.571   9.547   6.387   6.538   3.835   5.646   5.382   8.554   9.282   3.856   5.526   0.877   1.991    2.38   7.275   9.494
   5.371   9.433   6.248   6.493    3.73   5.556    5.35   8.557   9.272   3.797   5.575  0.9075   2.097   2.395   7.349   9.607
   5.183   9.329    6.13   6.492   3.637   5.469   5.311   8.557   9.258    3.74   5.593  0.9644   2.198   2.407   7.457   9.738
   5.023   9.249    6.04    6.54   3.569    5.39   5.267    8.56   9.241   3.687   5.581   1.038   2.288   2.414   7.588   9.869
   4.908   9.199   5.978   6.629   3.529   5.327   5.221   8.562   9.221   3.638   5.544   1.117   2.362   2.417   7.726   9.998
   4.844   9.182   5.941   6.746    3.52   5.286   5.173   8.567     9.2   3.595   5.486   1.192   2.414   2.414    7.86   10.12
   4.833   9.202   5.923   6.873   3.541   5.267   5.125   8.576   9.174   3.556   5.418   1.253   2.443   2.406   7.975   10.25
   4.868   9.251   5.913   6.988   3.587   5.268   5.077   8.586   9.146   3.521   5.348   1.293   2.447   2.393    8.06   10.38
   4.937   9.321   5.902   7.074    3.65   5.284    5.03   8.593   9.118   3.486   5.284   1.307   2.425   2.378   8.108   10.52
   5.024   9.403   5.883   7.115   3.722   5.307   4.988     8.6   9.091    3.45   5.235   1.289   2.381   2.362   8.115   10.69
   5.116   9.487    5.85   7.102   3.795    5.33   4.951   8.601   9.069   3.412   5.208   1.238   2.317   2.349   8.082   10.87
   5.195   9.566   5.799   7.033   3.861   5.344   4.924   8.598   9.051   3.372   5.205   1.154   2.238   2.342    8.02   11.07
   5.252   9.637   5.732   6.907   3.914   5.347    4.91   8.588   9.042   3.332   5.227   1.041   2.154   2.345   7.938    11.3
   5.279   9.694   5.654   6.735   3.948   5.334   4.912    8.57   9.043   3.293   5.276  0.9085   2.071   2.362   7.852   11.52
   5.269   9.744    5.57   6.526   3.961   5.308   4.934   8.548   9.051   3.259   5.343  0.7724   2.003   2.393    7.78   11.74
   5.223   9.781   5.491   6.295   3.953   5.268   4.977   8.522   9.067   3.234   5.423  0.6655   1.959   2.441   7.735   11.94
   5.145   9.801   5.425   6.064   3.923    5.22   5.038   8.497   9.087   3.221   5.508  0.6196    1.95   2.498   7.726    12.1
    5.04    9.82   5.386   5.853   3.877   5.173   5.114   8.476   9.108   3.224    5.59  0.6535   1.981   2.563   7.759   12.21
    4.92    9.83   5.379   5.682    3.82   5.131   5.198   8.463   9.127   3.244   5.659  0.7513   2.048   2.627   7.825   12.26
   4.799   9.839   5.408   5.569    3.76   5.102   5.286   8.462    9.14   3.279   5.707  0.8827   2.144   2.683   7.915   12.25
   4.691   9.847   5.472    5.53   3.709    5.09   5.366   8.478   9.141   3.327   5.731    1.02   2.255   2.721   8.013   12.18
   4.613   9.869   5.564    5.57   3.675   5.098   5.434   8.512   9.129    3.38   5.727   1.146   2.367   2.737   8.099   12.05
   4.576   9.897   5.676    5.68   3.669   5.128   5.482   8.569   9.103   3.435   5.695   1.248   2.467   2.724   8.162    11.9
   4.587   9.938   5.795    5.85   3.697   5.178   5.508   8.642    9.06   3.486    5.64   1.321   2.543   2.678   8.183   11.72
   4.646   9.984   5.909   6.054    3.76    5.24   5.509   8.733   9.005   3.527   5.568    1.36   2.588     2.6   8.161   11.55
   4.747   10.05   6.006   6.271   3.856    5.31   5.484   8.834    8.94   3.553   5.486   1.366   2.597   2.491   8.088    11.4
   4.879    10.1   6.078   6.479   3.979   5.382   5.436   8.944   8.871   3.563   5.402   1.342    2.57   2.358    7.97   11.29
   5.027   10.17    6.12   6.656   4.118   5.447   5.369   9.052   8.802   3.557   5.326   1.291    2.51   2.209   7.815   11.23
   5.177   10.21   6.128   6.788   4.262   5.501   5.289    9.15   8.743   3.533   5.263    1.22   2.424   2.055   7.635   11.23
   5.316   10.24   6.104   6.867     4.4   5.539   5.202   9.232   8.699   3.495   5.217   1.133   2.321   1.907   7.447    11.3
   5.433   10.25   6.052   6.884   4.522   5.557    5.12   9.293   8.675   3.446    5.19   1.035   2.213   1.777    7.27   11.41
   5.519   10.22   5.978   6.844   4.619   5.557   5.049   9.324   8.677    3.39   5.178  0.9322   2.111   1.677   7.122   11.57
   5.569   10.16   5.892    6.75   4.685   5.539   5.001   9.328   8.708   3.333   5.178  0.8289   2.025   1.612   7.019   11.75
   5.581   10.06   5.804   6.615   4.719   5.509   4.984   9.303   8.768   3.284   5.185   0.732   1.962   1.581   6.973   11.93
   5.554   9.936   5.723    6.45   4.722   5.475   5.004   9.254   8.854   3.249   5.192   0.653   1.923   1.581   6.985   12.11
   5.493    9.79    5.66   6.274   4.694    5.44   5.063   9.183   8.965   3.235   5.196   0.608   1.907   1.602   7.054   12.24
   5.404   9.629   5.616   6.105   4.642   5.415   5.159     9.1   9.091   3.248   5.191  0.6149    1.91   1.639   7.168   12.34
   5.296   9.465   5.596   5.958   4.575   5.404   5.284    9.01   9.224   3.288   5.176  0.6772   1.927    1.69    7.31   12.38
   5.182   9.309   5.595   5.848   4.498   5.411   5.426   8.919   9.359   3.352    5.15  0.7771   1.955    1.75   7.465   12.39
   5.069   9.172    5.61   5.782   4.424   5.438   5.574   8.841   9.484   3.434   5.115  0.8927   1.991   1.821   7.613   12.35
   4.966   9.059   5.634   5.762   4.355   5.483   5.712   8.781   9.595   3.524   5.074   1.008   2.032   1.901   7.742   12.27
    4.88   8.985    5.66   5.782     4.3   5.542   5.829   8.744   9.688   3.613   5.035   1.109   2.077   1.988    7.84   12.19
   4.816   8.953   5.683    5.83   4.259    5.61   5.913   8.734   9.759   3.691   5.006   1.188   2.123   2.076     7.9    12.1
   4.771   8.974   5.699    5.89   4.232   5.676   5.957    8.76   9.813   3.751   4.996   1.238   2.169    2.16   7.918   12.01
   4.743   9.045   5.708    5.95   4.214   5.738   5.958   8.818    9.85   3.787   5.018   1.254   2.212   2.235   7.896   11.94
   4.728   9.171   5.714   5.995   4.202   5.789   5.913   8.908    9.88   3.798   5.074   1.234    2.25   2.298    7.84   11.88
   4.721   9.347    5.72   6.019    4.19   5.823   5.825   9.027   9.906   3.783   5.167   1.181   2.283    2.35   7.757   11.83
   4.718   9.566   5.736   6.017   4.174   5.842   5.702   9.166   9.937   3.745   5.294   1.098   2.313   2.392   7.661   11.77
   4.716   9.811   5.768   5.994   4.151   5.843   5.553   9.316   9.978   3.689   5.444  0.9904    2.34   2.428   7.563    11.7
   4.715   10.08   5.825   5.953   4.117   5.831    5.39   9.472   10.03   3.619   5.606  0.8682   2.367    2.46   7.478   11.62
   4.713   10.34    5.91   5.904   4.075   5.807   5.227   9.624   10.09   3.544   5.767  0.7439   2.394   2.492   7.418    11.5
   4.713   10.59   6.024   5.857   4.023    5.78   5.077   9.761   10.16   3.472   5.913  0.6328   2.421   2.524   7.392   11.36
   4.713   10.81    6.16   5.818   3.966   5.754   4.955   9.871   10.24   3.406   6.037  0.5547   2.445   2.553   7.403    11.2
   4.719   10.99    6.31   5.793   3.907   5.734   4.867   9.958   10.32   3.357   6.132  0.5261   2.462   2.572   7.452   11.02
   4.729   11.11   6.459   5.784   3.852   5.724   4.821   9.999   10.38   3.328   6.197  0.5501    2.47   2.578   7.533   10.84
   4.747   11.16   6.591   5.793   3.809   5.725   4.819      10   10.42   3.321   6.231  0.6157   2.462   2.566   7.636   10.66
   4.773   11.14   6.691    5.82   3.782   5.736   4.856   9.959   10.44   3.336    6.24   0.703   2.438   2.533   7.751   10.52
   4.808   11.05   6.747   5.864   3.779   5.751   4.926   9.876   10.43    3.37   6.226  0.7962   2.397   2.479   7.866   10.41
    4.85   10.88   6.749   5.926   3.802   5.764   5.021    9.74   10.37   3.416   6.199  0.8862   2.341   2.408   7.971   10.37
   4.899   10.67   6.693   6.004   3.848   5.769   5.128   9.565   10.27   3.468   6.163  0.9679   2.274   2.326   8.059   10.41
    4.95   10.39   6.577   6.092   3.915   5.759   5.239   9.353   10.14   3.517   6.124   1.038   2.202   2.242   8.126   10.54
   4.997   10.07   6.408   6.182   3.994   5.729   5.344   9.116   9.979   3.558   6.089   1.094   2.132   2.164   8.169   10.75
   5.038    9.74   6.197   6.265   4.075   5.676   5.433   8.861   9.783   3.586   6.061   1.135   2.072   2.102   8.191   11.03
   5.065   9.387   5.957   6.333   4.149   5.602   5.503   8.601   9.572   3.596   6.044   1.158    2.03   2.063   8.192   11.35
    5.08   9.057   5.707   6.379   4.206   5.506   5.549    8.35   9.352    3.59   6.035   1.165   2.011   2.052   8.179    11.7
   5.083   8.761   5.467   6.399    4.24   5.399   5.572   8.121   9.142   3.568   6.035   1.156   2.019   2.073   8.153   12.03
   5.077   8.519   5.261   6.394   4.249   5.286   5.572   7.929   8.954   3.533   6.039   1.134   2.054   2.124   8.121   12.31
   5.068   8.345   5.111   6.366    4.23   5.178   5.552   7.787   8.804   3.489    6.04   1.102   2.114   2.204   8.087   12.51
   5.064   8.255   5.036   6.318   4.188   5.089    5.52   7.702   8.706   3.445   6.031   1.064   2.192   2.307   8.052   12.62
   5.071   8.252   5.047   6.258   4.125   5.026   5.481   7.682   8.669   3.404   6.007   1.026    2.28   2.425   8.021   12.63
   5.097   8.339   5.144    6.19    4.05   4.998   5.442   7.728   8.694   3.374   5.964  0.9926   2.367   2.548   7.991   12.54
   5.143   8.505   5.318   6.121   3.971    5.01    5.41   7.833   8.778   3.355   5.899  0.9661   2.444   2.663   7.968   12.36
   5.213   8.732   5.552   6.054   3.897    5.06   5.389   7.989   8.911   3.352   5.813  0.9483   2.501   2.758   7.951   12.12
   5.304   9.002   5.821    5.99    3.84   5.144   5.384    8.18   9.077   3.364   5.711  0.9382    2.53   2.824   7.939   11.83
   5.414   9.292     6.1   5.931   3.809   5.251   5.396   8.389   9.258    3.39     5.6  0.9331   2.526   2.852   7.935   11.52
   5.536   9.576   6.365   5.877   3.812   5.369   5.426   8.598    9.44   3.425    5.49  0.9304   2.488   2.838   7.941   11.24
   5.662   9.832   6.597   5.831   3.853   5.485    5.47   8.792     9.6   3.466   5.388  0.9275   2.418   2.781    7.96      11
   5.784   10.04   6.777   5.788   3.932   5.586   5.526   8.954   9.728   3.511   5.307  0.9222   2.323   2.686   7.992   10.82
   5.894    10.2   6.894   5.754   4.045   5.661   5.588   9.072   9.815   3.556   5.252  0.9142    2.21   2.561   8.039   10.72
    5.98    10.3   6.944    5.73   4.181   5.703    5.65   9.139    9.85   3.599   5.231  0.9039   2.091   2.416   8.099    10.7
   6.039   10.32   6.926   5.721    4.33   5.707   5.706   9.153   9.832   3.635   5.246  0.8918   1.977   2.268   8.169   10.75
   6.061   10.27   6.849    5.73   4.479    5.67   5.752   9.114   9.759   3.664   5.296  0.8805   1.879    2.13   8.241   10.85
   6.046   10.17   6.726   5.762   4.615   5.596   5.782    9.03    9.64   3.684   5.377  0.8716   1.803   2.017   8.309   10.98
   5.992   10.02   6.571   5.818   4.727   5.491   5.793   8.909   9.483   3.695   5.481  0.8671   1.754   1.937   8.364   11.13
   5.903   9.845   6.406   5.899   4.807   5.365   5.783   8.766   9.302   3.696   5.599   0.869    1.73   1.896   8.396   11.27
   5.784   9.653   6.247   6.003   4.851   5.229   5.754   8.612   9.111   3.691   5.719  0.8774    1.73    1.89   8.397   11.38
   5.646    9.47   6.112   6.126   4.856   5.097   5.707   8.466   8.926   3.679   5.832  0.8933    1.75   1.918   8.362   11.46
     5.5   9.306    6.01    6.26   4.826   4.984   5.645   8.339   8.765   3.662   5.926   0.915   1.786   1.973   8.286    11.5
   5.354   9.175   5.944   6.397   4.764   4.901   5.573   8.246   8.644   3.643   5.992  0.9405   1.835   2.046   8.171   11.51
   5.224   9.086   5.911   6.526   4.678    4.86   5.496   8.193   8.573   3.624   6.028  0.9674   1.892   2.131    8.02   11.48
   5.113   9.039   5.902   6.638   4.579   4.864   5.418   8.183   8.559   3.606   6.028  0.9928   1.952   2.218    7.84   11.43
   5.029   9.029   5.907   6.722   4.475   4.913   5.345   8.212   8.602   3.592   5.997   1.014   2.009   2.299   7.643    11.4
    4.97   9.053   5.915   6.772   4.379   4.999   5.281   8.275   8.696   3.581   5.939   1.027   2.056   2.368   7.446   11.37
   4.935   9.098   5.917   6.783   4.298   5.114   5.227   8.363   8.833   3.575   5.862   1.033   2.087   2.417   7.265   11.39
   4.917   9.155   5.909   6.754    4.24   5.244   5.187   8.462       9   3.574   5.777    1.03   2.098   2.444   7.125   11.46
   4.911   9.214   5.889   6.688    4.21   5.377   5.161   8.563   9.183   3.579   5.692   1.018   2.089   2.449   7.043   11.58
   4.912    9.27   5.857   6.592    4.21   5.503   5.149   8.657   9.368   3.588   5.616  0.9998   2.063   2.435   7.038   11.74
   4.914   9.317   5.818   6.473   4.239   5.611   5.148   8.734   9.545   3.603   5.555  0.9778   2.025   2.407   7.113   11.93
   4.914   9.351   5.777   6.345   4.291   5.696   5.159    8.79   9.703   3.624    5.51  0.9553   1.985   2.373   7.268   12.13
    4.91   9.376   5.742   6.217   4.359   5.752   5.177   8.822   9.836   3.648   5.482  0.9355   1.951    2.34   7.486   12.32
   4.901   9.395   5.721   6.102   4.437   5.778     5.2   8.833   9.939   3.677   5.465  0.9216   1.931   2.314   7.745   12.47
   4.888   9.417    5.72   6.009   4.516   5.776   5.225   8.827   10.01   3.708   5.458  0.9156   1.928   2.293   8.016   12.58
   4.874   9.449   5.746   5.945   4.588   5.754    5.25   8.812   10.05   3.739   5.456  0.9187   1.939   2.279   8.269   12.64
   4.864     9.5     5.8   5.911   4.648   5.715   5.273   8.793   10.07   3.769   5.455   0.929   1.958   2.264   8.478   12.63
   4.864   9.574   5.879   5.909   4.692   5.671   5.292   8.787   10.07   3.796   5.455  0.9456   1.977   2.244   8.624   12.57
   4.881   9.677   5.977   5.933   4.721   5.631    5.31   8.792   10.05   3.819   5.452  0.9663    1.99   2.212   8.688   12.46
   4.923    9.81   6.083   5.978   4.734   5.604   5.328   8.818   10.02   3.835   5.447  0.9879   1.991   2.169   8.666   12.34
   4.996   9.955   6.186   6.035   4.737   5.598   5.347   8.865   9.993   3.843   5.438   1.009   1.977   2.112    8.56    12.2
   5.101   10.11   6.272   6.099   4.733   5.614   5.369   8.931   9.962   3.844   5.426   1.027   1.951   2.044    8.38   12.09
   5.234   10.28    6.33   6.158   4.729   5.654   5.396   9.008   9.937   3.838   5.413   1.039   1.916   1.971    8.14      12
   5.389   10.42   6.351   6.206   4.729   5.711   5.429   9.089    9.91   3.823     5.4   1.046   1.878   1.896   7.865   11.97
   5.553   10.54   6.332   6.238   4.736    5.78   5.467   9.164   9.885   3.804   5.388   1.046   1.843   1.827   7.583   11.99
   5.716   10.61   6.272   6.252   4.751   5.851   5.509   9.226   9.848    3.78   5.384    1.04    1.82   1.768   7.322   12.06
   5.862   10.64   6.176   6.246   4.772   5.913   5.551   9.266   9.804   3.754    5.39   1.026   1.812   1.728   7.107   12.17
    5.98   10.61   6.054   6.224   4.794    5.96   5.589   9.276   9.741   3.727    5.41   1.006   1.826   1.711   6.958   12.28
   6.061   10.53   5.919   6.193   4.814   5.981    5.62    9.26   9.659   3.702   5.446  0.9804   1.862   1.726   6.885   12.39
   6.096   10.39   5.785   6.159   4.824   5.973    5.64    9.21   9.553   3.678   5.498  0.9516   1.917   1.775   6.887   12.47
   6.082   10.21   5.668    6.13    4.82   5.936   5.647   9.135   9.424   3.656   5.564  0.9207    1.99    1.86   6.953    12.5
    6.02   10.01   5.583   6.116   4.797   5.869    5.64   9.041   9.275   3.633   5.637    0.89   2.076   1.978   7.067   12.45
   5.914   9.784   5.537   6.119   4.754   5.777   5.619    8.94   9.113   3.609   5.711  0.8615   2.168   2.122   7.208   12.33
   5.768   9.555   5.537   6.144    4.69   5.664   5.586   8.839   8.946   3.581   5.779  0.8367   2.261    2.28   7.358   12.14
   5.592    9.35   5.579   6.189   4.605    5.54   5.545   8.754   8.784   3.549   5.835  0.8172    2.35   2.441   7.499   11.88
   5.398   9.181   5.657   6.249   4.502   5.411   5.502   8.686   8.638   3.512   5.876   0.804   2.428   2.591   7.617    11.6
   5.195   9.052   5.761    6.32   4.386   5.288   5.461   8.646   8.517   3.473   5.899  0.7984   2.491   2.718   7.702   11.28
   4.996   8.968   5.877   6.398   4.259   5.177   5.431    8.63   8.433    3.43   5.903  0.8007   2.538   2.815   7.747      11
   4.814   8.927   5.993   6.474   4.131   5.089   5.415   8.639   8.392   3.388   5.893  0.8119   2.565   2.873   7.749   10.75
   4.658   8.921   6.097   6.545   4.007   5.027    5.42   8.663   8.398   3.349   5.875  0.8321   2.575    2.89   7.712   10.59
   4.536    8.94   6.182   6.605   3.895   4.993   5.448   8.692   8.452   3.317   5.852   0.862   2.568   2.868   7.644   10.53
   4.454   8.972   6.243   6.653   3.804   4.988   5.501   8.719   8.551   3.295   5.833  0.9007   2.548    2.81   7.557   10.57
   4.413   9.008   6.277   6.686   3.738   5.009   5.577   8.735   8.689    3.29   5.822  0.9463   2.521   2.723   7.466   10.72
   4.408   9.042   6.284   6.705   3.702   5.051   5.672   8.733   8.854   3.302   5.823  0.9966   2.489   2.617   7.391   10.93
   4.434   9.069   6.271    6.71   3.697   5.112   5.778   8.709   9.038   3.336    5.84   1.048   2.458   2.502   7.351    11.2
   4.479   9.087   6.242   6.702   3.718   5.184   5.887   8.664   9.225   3.393   5.871   1.096    2.43   2.386    7.36   11.48
   4.535   9.097   6.207   6.686   3.761   5.261   5.988   8.599   9.407   3.468   5.914   1.137   2.409   2.281   7.423   11.73
   4.592     9.1   6.173   6.662   3.817   5.338   6.073   8.522   9.572    3.56   5.968   1.168   2.395    2.19   7.542   11.94
   4.643   9.101   6.149   6.636   3.879   5.412   6.133   8.442   9.709    3.66   6.022   1.184   2.386   2.118   7.706   12.08
   4.686   9.106   6.142   6.607   3.937   5.477   6.164   8.367   9.815   3.761   6.073   1.185   2.381   2.067   7.901   12.15
   4.716   9.118   6.154   6.579   3.988   5.532   6.163    8.31   9.883   3.854   6.114    1.17   2.375   2.033   8.107   12.12
   4.734   9.144   6.184   6.551   4.025   5.575   6.129    8.28   9.915   3.931    6.14   1.139   2.365   2.014   8.306   12.03
   4.739   9.187   6.229   6.526   4.049   5.605   6.065   8.282   9.908   3.986   6.143   1.094   2.345   2.006   8.485   11.87
   4.735   9.244   6.281   6.501   4.057   5.623   5.979   8.319   9.867   4.013   6.123   1.038   2.312   2.005    8.63   11.67
   4.723   9.314   6.332    6.48   4.054   5.627   5.878   8.389   9.798   4.009   6.078  0.9777   2.265   2.005   8.735   11.46
   4.706   9.388   6.375   6.463   4.045    5.62   5.771   8.483   9.703   3.975    6.01  0.9187   2.205   2.006   8.801   11.26
   4.687   9.459   6.399   6.451   4.032   5.601    5.67   8.589   9.588   3.914   5.921  0.8672   2.133   2.004   8.827   11.09
   4.668   9.518   6.402   6.448   4.023    5.57   5.581   8.695    9.46   3.831   5.817  0.8295   2.056   2.002   8.824   10.98
   4.652   9.557   6.382   6.453   4.023   5.531   5.511   8.787   9.325   3.733   5.706  0.8102   1.983   1.999   8.801   10.96
   4.642   9.571   6.339   6.468   4.036   5.482   5.461   8.855   9.189   3.629   5.597   0.812    1.92   1.997   8.765   11.03
   4.641   9.557   6.279   6.495   4.066   5.426   5.432   8.891   9.059    3.53   5.497   0.835   1.877   2.001   8.719   11.14
   4.651   9.518    6.21   6.533   4.116   5.364    5.42   8.887   8.941   3.444   5.415  0.8769   1.857   2.012   8.674   11.31
   4.674   9.461   6.139   6.585   4.183   5.298   5.419   8.848   8.844   3.381   5.359  0.9324   1.861   2.033   8.627   11.49
   4.714   9.394   6.078   6.647   4.266   5.232    5.42   8.774   8.775   3.344    5.33  0.9948   1.885   2.063   8.569   11.65
   4.769   9.329   6.033   6.717   4.357   5.169   5.415   8.678    8.74   3.338   5.333   1.057   1.923     2.1   8.504   11.77
   4.842   9.282   6.009   6.788   4.452   5.109   5.395    8.57   8.746   3.358   5.362    1.11   1.967   2.142   8.413   11.84
   4.931   9.268   6.007   6.853   4.544   5.059   5.353   8.464   8.798     3.4   5.416   1.148   2.011   2.184   8.291   11.84
   5.034     9.3   6.025   6.904   4.624   5.021   5.286   8.378   8.899   3.457   5.486   1.165   2.049   2.222   8.127   11.77
   5.148   9.384   6.058    6.93   4.688   4.997   5.193   8.324    9.05   3.518   5.565   1.155   2.077   2.254   7.918   11.65
   5.271   9.526   6.099   6.923    4.73   4.991   5.076   8.315   9.248   3.577   5.644   1.117   2.092   2.274   7.665   11.49
   5.395   9.721   6.141    6.88   4.746   5.005   4.942   8.354   9.487   3.626   5.715   1.053   2.094   2.279   7.372   11.32
   5.517   9.961   6.177   6.801   4.736   5.037   4.801   8.445   9.756    3.66   5.773  0.9691   2.085    2.27   7.052   11.16
   5.632   10.22   6.205   6.686   4.701   5.088   4.667   8.578   10.04   3.674   5.812  0.8782   2.065   2.246   6.722   11.05
   5.736   10.49   6.222   6.545   4.643   5.157   4.555   8.744   10.32   3.668   5.831  0.8003   2.039   2.208   6.404   10.99
   5.824   10.76   6.229   6.388   4.566   5.239   4.479   8.925   10.59   3.643   5.832  0.7597   2.009   2.162   6.122   11.01
   5.892   10.98    6.23   6.229   4.477   5.332    4.45   9.106   10.82   3.605   5.813  0.7725   1.981   2.111     5.9   11.11
   5.939   11.15   6.232   6.083   4.384   5.429   4.472   9.272   10.99    3.56   5.781  0.8377   1.959   2.062   5.757   11.27
   5.964   11.25   6.243   5.967   4.291   5.531   4.544   9.401   11.11   3.515   5.739  0.9391   1.947    2.02   5.703   11.47
   5.969   11.29   6.273   5.892   4.206   5.628   4.656   9.486   11.16   3.481   5.695   1.054   1.946   1.988   5.738   11.69
   5.956   11.25   6.329   5.867   4.139   5.719   4.796   9.524   11.13   3.467   5.652   1.165   1.957   1.967   5.852   11.89
   5.933   11.14   6.416   5.895   4.092   5.801    4.95   9.499   11.02   3.476   5.616   1.257   1.979   1.958   6.026   12.06
   5.905   10.96   6.534   5.972   4.069   5.871   5.104   9.428   10.85   3.513   5.591   1.324   2.007   1.957   6.242   12.14
   5.879   10.75   6.679    6.09   4.071   5.925   5.246    9.31   10.63   3.575   5.578   1.365   2.038   1.962   6.478   12.15
   5.862   10.52    6.84   6.238   4.097   5.965   5.364   9.164   10.37   3.656   5.579   1.381   2.067   1.971   6.717   12.05
   5.857   10.29   7.005   6.399   4.143   5.988   5.449   9.004   10.09    3.75   5.592   1.376   2.091   1.982   6.939   11.86
   5.865   10.07   7.158    6.56     4.2   5.997   5.497   8.847   9.827    3.85   5.614   1.357   2.108   1.995    7.13   11.59
    5.88    9.89   7.282   6.707   4.262   5.995   5.502   8.707   9.588   3.946   5.644   1.324   2.118   2.009   7.275   11.25
   5.899   9.764   7.362   6.828   4.322   5.981   5.466   8.601   9.401   4.032   5.675   1.282    2.12   2.025   7.366   10.88
    5.91   9.682   7.386   6.911   4.372   5.961   5.392   8.536   9.279   4.103   5.704   1.227   2.117   2.042   7.395   10.53
   5.909   9.649   7.346   6.952   4.408   5.936    5.29   8.516   9.231   4.155   5.726   1.157    2.11   2.058   7.366   10.24
    5.89   9.655   7.237   6.945   4.427   5.908   5.176    8.54   9.254   4.182   5.736   1.067   2.104   2.075   7.287   10.05
   5.847   9.688   7.062   6.893    4.43   5.882    5.07   8.599   9.344   4.187   5.733  0.9554   2.101   2.093   7.178      10
   5.781   9.743   6.827   6.799   4.416   5.858   4.996   8.686    9.48   4.168   5.714  0.8249   2.104   2.115   7.064    10.1
   5.693   9.802   6.547   6.675   4.391    5.84   4.976   8.789   9.651   4.129   5.681  0.6876   2.115   2.144   6.978   10.34
   5.587   9.871   6.242    6.53    4.36   5.826   5.027   8.897   9.832   4.075   5.637  0.5721   2.134   2.183   6.952   10.67
    5.47   9.933   5.935   6.383   4.327   5.819   5.152       9      10   4.015   5.588  0.5281   2.161   2.236   7.009   11.07
   5.346   9.979    5.65   6.252   4.297   5.817   5.342   9.096   10.16   3.955   5.539  0.5874   2.194   2.301   7.158   11.48
   5.225   10.02   5.415   6.151   4.276    5.82   5.578   9.172   10.28   3.904   5.497  0.7108   2.228   2.372   7.389   11.85
   5.112   10.05   5.249   6.093   4.266   5.827   5.834   9.229   10.36   3.865   5.469  0.8521   2.258   2.444   7.679   12.16
   5.014   10.06   5.164   6.084   4.269   5.837   6.081   9.272   10.39   3.843    5.46  0.9817   2.278   2.507   7.992    12.4
   4.939   10.07   5.157   6.116   4.288   5.849   6.297   9.295   10.38   3.834    5.47   1.082   2.284    2.55   8.294   12.53
    4.89   10.07   5.219   6.179   4.319   5.862   6.462   9.311   10.32   3.834   5.502   1.141   2.272   2.566   8.552   12.56
   4.875   10.09   5.328   6.254   4.364   5.872   6.562   9.324   10.24   3.838   5.555   1.155   2.241    2.55   8.741   12.51
   4.898   10.11   5.465   6.326   4.418   5.882   6.591    9.34   10.15   3.838   5.625   1.124   2.191     2.5   8.842   12.36
   4.959   10.16   5.611   6.381   4.478    5.89   6.548   9.365   10.06   3.827   5.707   1.051   2.126   2.418    8.85   12.15
   5.057   10.23   5.749   6.413   4.538   5.896   6.435   9.397   9.988   3.804   5.796  0.9448   2.052   2.311   8.764    11.9
   5.182   10.31   5.867   6.418   4.596   5.903   6.262   9.443    9.94   3.766   5.888  0.8155   1.975   2.186   8.592   11.63
   5.324    10.4   5.957   6.399   4.645   5.911   6.041   9.494   9.921   3.715   5.977  0.6752   1.905   2.056   8.353   11.38
   5.469   10.48   6.016   6.362   4.681   5.918    5.79   9.546   9.936   3.653   6.058  0.5386   1.849   1.933   8.068   11.17
   5.605   10.55   6.045   6.315   4.701   5.929   5.526    9.59   9.965   3.585   6.127  0.4267   1.813   1.829   7.765   11.01
   5.719    10.6   6.047   6.268   4.702   5.943   5.271   9.613   10.01   3.517   6.179  0.3573     1.8   1.753   7.471   10.93
   5.804   10.61   6.029   6.228   4.682   5.957   5.044   9.616   10.05   3.458    6.21  0.3353   1.809   1.713   7.214   10.91
   5.852   10.58   6.002   6.208   4.641   5.975   4.862   9.594   10.07   3.412    6.22  0.3691   1.837   1.712   7.019   10.95
   5.859   10.52   5.977   6.216   4.581   5.992    4.74   9.548   10.05   3.385   6.211  0.4562   1.877    1.75   6.901   11.01
   5.826   10.43   5.965   6.256   4.504   6.007   4.681   9.478   10.01   3.383   6.183  0.5814   1.926   1.821   6.867   11.08
   5.754   10.32   5.976   6.329   4.414   6.017   4.681   9.383   9.915   3.406    6.14  0.7286   1.977    1.92   6.912   11.12
   5.648   10.18   6.019   6.431   4.314    6.02    4.73   9.276    9.78   3.453   6.088  0.8875   2.025   2.036   7.022   11.12
   5.513   10.02   6.094   6.552   4.209   6.015   4.811   9.163   9.609   3.521    6.03   1.049   2.066   2.161   7.181   11.05
   5.357   9.853     6.2   6.681   4.105   5.999   4.904   9.052   9.408   3.601   5.972   1.203   2.096   2.279   7.366   10.93
    5.19   9.693   6.327   6.801   4.006   5.972   4.995   8.951   9.192   3.688   5.917   1.338   2.111   2.382    7.56   10.75
   5.021   9.548   6.465   6.897   3.916   5.932   5.071   8.867   8.973   3.773   5.864   1.448   2.112   2.459   7.749   10.53
   4.859    9.42   6.601   6.958   3.841   5.881   5.125    8.81   8.767   3.849   5.816   1.522     2.1   2.503   7.921   10.28
   4.714   9.316   6.722   6.974   3.785   5.822   5.151   8.772    8.59    3.91   5.768   1.559   2.077    2.51    8.07   10.05
   4.593   9.238   6.818   6.941    3.75   5.755   5.153   8.762   8.452   3.954   5.718   1.557   2.048   2.482   8.195   9.837
   4.501   9.186   6.883   6.861   3.738   5.686   5.135   8.771   8.361   3.976   5.662    1.52   2.021   2.423   8.297   9.678
   4.442   9.158   6.912   6.741   3.751   5.619   5.103   8.791    8.32   3.978   5.596   1.453       2   2.343   8.384   9.588
   4.415   9.149   6.906   6.593   3.786   5.556   5.065   8.815   8.325   3.961    5.52   1.367   1.991   2.254   8.462   9.571
   4.417   9.156   6.871   6.433   3.843   5.504   5.032   8.832   8.368   3.931   5.435   1.274   1.997    2.17   8.539    9.63
   4.444   9.171   6.816   6.275   3.917   5.465   5.008   8.837   8.436   3.889    5.34   1.187   2.016   2.101   8.621    9.76
   4.492   9.193    6.75   6.137   4.002    5.44   5.001   8.823   8.518   3.844   5.241   1.118   2.046   2.057   8.714   9.936
   4.554   9.217   6.688   6.031   4.096   5.429   5.009   8.786   8.597   3.799   5.143   1.075   2.085   2.039   8.815   10.15
   4.624   9.237   6.638   5.967   4.189   5.431   5.034   8.725   8.663    3.76   5.048   1.059   2.127   2.045   8.921   10.38
   4.697   9.254   6.607   5.947   4.277   5.441   5.069   8.646    8.71   3.727   4.963   1.066   2.169   2.069   9.023    10.6
   4.766   9.263   6.598   5.968   4.354   5.453   5.109   8.551   8.732   3.702   4.891   1.086   2.208   2.106   9.111   10.79
   4.826   9.263   6.607    6.02   4.413   5.464   5.145    8.45   8.728   3.684   4.837   1.113   2.242   2.151   9.171   10.95
   4.873   9.255   6.625   6.088   4.451   5.468   5.168    8.35   8.706   3.669   4.805   1.138   2.269   2.201   9.195   11.04
   4.903   9.234   6.641   6.152   4.468    5.46   5.172    8.26    8.67   3.657   4.795   1.154   2.285   2.254   9.172   11.08
   4.914   9.202   6.643   6.196   4.462   5.439   5.152   8.185   8.633   3.641   4.807   1.156   2.291    2.31   9.098   11.06
   4.904   9.158   6.621   6.204   4.433   5.405   5.105   8.131   8.606   3.622   4.843   1.143   2.285   2.365   8.976   10.99
   4.875   9.103   6.567   6.167   4.386   5.357   5.033   8.101   8.603   3.598   4.899   1.111    2.27   2.418   8.812   10.92
   4.828   9.037   6.476   6.081   4.325   5.298    4.94   8.093   8.632   3.571   4.969    1.06    2.25   2.465    8.61   10.84
   4.769   8.961    6.35   5.947   4.257   5.234   4.833   8.109     8.7    3.54    5.05  0.9928   2.232   2.506   8.389   10.81
   4.702   8.879   6.193   5.776   4.185   5.169   4.725   8.142   8.807   3.511   5.136   0.917   2.224   2.539   8.165   10.83
   4.637   8.798   6.013   5.585   4.118   5.111   4.629   8.192    8.95   3.486   5.222  0.8436   2.233   2.568   7.953   10.93
   4.581   8.719   5.823   5.396    4.06   5.065   4.558   8.248   9.119    3.47   5.303  0.7901   2.265   2.594    7.77    11.1
   4.544   8.657   5.636   5.231   4.016   5.036   4.524    8.31     9.3   3.468   5.378  0.7715   2.318   2.619   7.626   11.34
   4.534   8.615   5.471   5.115    3.99    5.03   4.536   8.374    9.48   3.482   5.448  0.7936   2.384   2.644   7.531    11.6
   4.556   8.604   5.342   5.066   3.984   5.049   4.596   8.436   9.643   3.515   5.513  0.8495   2.455    2.67   7.489   11.86
    4.61   8.632   5.266   5.091   3.995    5.09     4.7   8.495   9.777   3.565   5.576   0.925   2.516   2.693   7.495   12.09
   4.694   8.701   5.254   5.193   4.022   5.154   4.838   8.555   9.873   3.627    5.64   1.005   2.556   2.708   7.542   12.27
     4.8   8.816   5.311   5.363   4.061   5.234   4.996    8.62   9.924   3.698   5.709   1.077   2.566   2.709    7.62   12.38
    4.92    8.97   5.433   5.588   4.107   5.325   5.161    8.69    9.93   3.769   5.785   1.133    2.54   2.691   7.719   12.41
   5.042   9.163    5.61   5.853   4.154   5.415   5.318   8.769   9.895   3.834    5.87   1.166   2.478   2.652   7.823   12.36
   5.154   9.384   5.824   6.138   4.196   5.503   5.453   8.861   9.823   3.885   5.962   1.175   2.381    2.59   7.924   12.22
   5.252   9.622   6.056   6.429   4.229   5.577   5.561   8.963   9.723   3.916   6.062   1.161   2.258   2.506   8.013   12.04
   5.327   9.856   6.285   6.706    4.25   5.636   5.634   9.076    9.61   3.925   6.162   1.128   2.115   2.406   8.086   11.79
   5.377   10.09   6.493   6.956   4.257   5.672   5.673   9.186   9.499   3.907    6.26   1.081   1.963   2.296   8.141   11.52
   5.402   10.31   6.664   7.163   4.252   5.686    5.68   9.297   9.393   3.863   6.347   1.023   1.813   2.183   8.182   11.21
   5.406   10.48   6.786   7.321   4.238    5.68   5.659   9.396   9.307   3.796   6.418  0.9596   1.673   2.075   8.206   10.92
   5.392   10.61   6.856   7.422   4.218   5.655   5.618   9.469   9.241   3.709   6.464  0.8952   1.553   1.978   8.222   10.63
   5.368    10.7   6.873   7.466   4.197   5.616   5.565    9.52   9.198   3.609    6.48  0.8345    1.46   1.901   8.228   10.35
   5.339   10.73   6.845   7.458   4.181   5.568   5.508   9.543   9.174   3.506   6.461  0.7833   1.399   1.848   8.225   10.11
