    16.9    51.1       1    0.82     159
    33.6    59.6       1   0.902     300
    22.5    68.4       1   0.687      33
    33.8    52.6       1   0.916     309
    10.6    51.3       1   0.738     131
    39.7    54.6       1   0.804     318
    40.2    61.7       1   0.781     237
    13.1    52.4       1   0.825     126
    23.2      70       1   0.513      16
    41.3    52.8       1   0.779     320
      28    57.8       1    0.95     302
    17.1    57.4       1   0.875      41
      10    53.6       1   0.825     119
     9.7    52.5       1   0.821     124
    29.8    52.3       1   0.919     410
    41.7      55       1    0.83     317
    45.5    51.6       1   0.722     420
    17.9    62.6       1   0.787      37
    27.6    47.2       1   0.791     172
    32.9      50       1   0.861     413
    32.1    54.8       1   0.945     307
    38.2      46       1   0.601     426
   -25.7    37.8       1   0.369     115
      44    56.3       1   0.771     313
    23.8    54.9       1   0.952     305
    49.2    55.8       1   0.677     315
    36.5      61       1   0.854     235
      11      51       1   0.791     136
     6.5    62.9       1    0.59      21
    19.2    48.6       1   0.538     153
      18    66.9       1   0.644      34
    19.6    66.6       1   0.687      35
    31.2    65.2       1   0.779     226
    44.3    46.4       1   0.584     427
    23.2    53.1       1   0.943     156
     4.9    59.3       1   0.685      27
    14.1    57.8       1   0.852      40
    10.5      59       1   0.794      31
    51.3    51.3       1    0.62     432
     8.8    53.1       1   0.797     123
    25.5    69.5       1   0.597      18
    43.7    49.8       1   0.706     423
    10.9    63.5       1   0.673      24
    47.6    64.8       1   0.822     230
    25.7    62.2       1   0.887      45
    39.9    59.3       1    0.85     310
    45.4    46.2       1   0.548     425
    28.6    44.2       1   0.574     178
    12.2    51.1       1   0.814     132
    27.5    53.9       1   0.962     308
    39.3    53.8       1   0.842     319
    14.4    67.3       1   0.508      20
    16.9    52.4       1   0.854     157
    16.7    49.2       1   0.671     151
    16.3    48.2       1   0.723     144
    12.5    55.7       1   0.852      74
    17.9    59.4       1   0.885      39
    33.1      69       1   0.586     221
    13.2    55.7       1   0.869      43
    28.7    60.7       1   0.921     239
    30.6    56.3       1   0.943     304
    37.1    67.3       1   0.548     224
    40.9    57.7       1   0.833     312
    30.3      60       1   0.917     299
    37.6    55.8       1   0.864     316
    24.8    59.4       1   0.885     298
    11.4    53.6       1   0.837     120
    14.1    48.2       1   0.664     143
    10.7      60       1   0.749      32
    20.2    49.1       1   0.723     154
    20.5    44.8       1   0.502     164
    14.6    53.4       1   0.882     155
      25    60.3       1    0.93      47
    38.9    61.5       1   0.826     236
    23.7    52.1       1   0.932     409
    11.6    48.2       1   0.615     140
    30.6    46.5       1    0.73     415
      24    58.1       1   0.937     301
    24.2    45.8       1   0.441     175
      13    47.8       1   0.629     146
    18.3    57.7       1   0.893      42
    13.4    52.5       1   0.825     127
    36.3    52.3       1   0.876     417
    14.5    63.2       1   0.715      36
    12.4    51.3       1   0.798     133
    40.5    64.5       1    0.64     228
    28.2    61.1       1    0.91      46
    19.2    47.4       1   0.607     161
    14.1    52.2       1   0.819     128
    14.2    50.1       1   0.714     150
    31.1    70.4       1   0.472      19
    15.2    46.2       1   0.626     166
      20      50       1    0.84     160
    12.1    54.2       1   0.865     121
      21    52.2       1   0.921     158
    18.1    49.7       1   0.779     152
    45.8    57.9       1    0.75     311
    21.6    47.5       1   0.564     162
      16    45.8       1    0.64     167
    13.5    59.4       1   0.843      38
    37.4    51.2       1   0.852     419
      21    56.5       1   0.948     303
    18.2      46       1   0.635     163
     9.6    54.5       1   0.832     118
      13    50.4       1   0.692     137
    12.1    49.1       1   0.679     139
    23.6    46.8       1    0.48     173
    35.8    50.8       1   0.856     421
    50.5    53.3       1   0.656     336
    25.1    54.6       1    0.92     306
    21.3    45.8       1   0.453     174
    34.3    66.7       1   0.657     225
    46.7    61.2       1   0.669     238
    53.5    56.8       1   0.595     326
    32.3    67.1       1   0.661     223
      56    53.6       1   0.541     335
    46.7    48.2       1   0.609     424
    13.8    51.2       1   0.782     134
      36    55.5       1   0.914     314
    34.8      65       1   0.753     227
     9.2    48.8       1   0.667     138
      15      51       1   0.804     135
     9.6    63.7       1   0.644      23
    36.3    49.9       1   0.837     422
    13.5    54.1       1   0.889     122
    29.7    45.2       1   0.624     176
    26.1    50.6       1   0.894     411
    30.5    50.4       1   0.889     412
      24    49.8       1   0.862     414
      48    46.3       1   0.528     428
    26.1    44.5       1   0.581     177
    26.7    67.4       1   0.724      44
    36.2    51.8       1   0.868     418
    42.9    62.1       1   0.716     231
    11.6    52.1       1   0.817     125
    30.7    61.7       1   0.894     233
     9.1    62.1       1   0.702      22
    34.3    61.8       1   0.864     234
    38.1    63.9       1   0.716     232
   124.9    56.8       2   0.783     359
   109.6    55.8       2   0.774     360
    84.9    56.5       2    0.95     342
   108.4    62.8       2   0.857     278
    80.3    61.1       2   0.948     260
    50.8    61.7       2   0.676     259
    81.2    51.5       2   0.822     444
    60.9    62.4       2   0.755     257
    47.6    64.8       2   0.623     229
    87.9    63.2       2   0.934     255
   118.3    56.9       2   0.697     358
    84.6    51.7       2   0.868     445
   125.4    58.6       2   0.806     381
   119.7    53.8       2   0.726     368
    56.9      66       2   0.661     249
    93.5    66.9       2   0.844     247
   107.6    55.2       2   0.833     361
   117.7    62.2       2   0.793     279
    60.8    66.5       2   0.722     244
    86.4    67.5       2   0.906     243
   124.9      56       2   0.815     362
    68.2    43.3       2   0.527     456
     104    77.7       2   0.402     209
    57.2    50.3       2   0.612     434
      53      40       2   0.461     461
    80.4    73.5       2   0.727     213
    68.3    58.2       2   0.834     324
   113.1    54.6       2   0.733     365
   101.8    57.3       2   0.877     357
   102.3    60.3       2   0.909     282
   120.4    60.4       2   0.808     283
   111.6    52.5       2   0.694     371
    61.7    46.8       2   0.563     440
     109    53.4       2    0.72     366
     114    70.1       2   0.548     217
   125.3    60.8       2   0.723     284
    59.8      43       2   0.575     457
    78.4    55.3       2   0.933     346
    64.6    41.7       2   0.542     459
    92.8      56       2   0.924     343
    86.1    55.2       2    0.89     345
    66.7    66.5       2    0.73     245
      53    67.6       2   0.681     241
    65.7    59.6       2   0.806     321
    87.9    65.8       2   0.909     251
   108.1    57.8       2   0.851     356
   128.9    71.6       2   0.531     216
   109.6    53.6       2   0.636     367
   134.5    60.4       2   0.604     286
     124      54       2   0.704     369
    81.3      44       2   0.588     598
   107.6    51.8       2    0.69     375
    60.9    64.3       2   0.712     252
    78.7    67.5       2    0.85     242
   102.5      72       2   0.636     212
   129.7      62       2   0.589     285
   113.6    54.5       2   0.657     364
    56.2      39       2   0.502     464
    52.3    65.4       2   0.663     248
    56.2      58       2   0.799     323
   114.1      72       2   0.496     215
    74.5    42.9       2   0.492     458
      99    54.9       2   0.851     347
    91.7    53.7       2   0.708     350
    80.3    50.4       2   0.819     448
    56.2    62.7       2   0.718     256
      83    58.3       2   0.933     338
    81.9    57.1       2   0.935     341
     2.4     6.4       2   0.235     684
    92.2    58.5       2   0.939     339
    58.9    58.5       2   0.718     322
    66.1    62.4       2   0.814     258
    78.6      53       2   0.868     351
    80.1    44.2       2   0.593     449
    55.8    54.7       2   0.763     334
    73.4      55       2   0.858     333
    89.2    53.3       2   0.764     349
   138.2    56.5       2   0.566     384
    74.4    56.9       2   0.892     329
      90    61.6       2   0.942     261
    60.5    60.7       2   0.772     264
    62.1    45.8       2   0.552     442
   106.5    50.4       2    0.75     378
    65.4    57.1       2   0.826     325
   106.2    59.3       2   0.893     353
   121.8      59       2    0.81     355
    57.1    65.1       2   0.665     250
    73.1    49.8       2   0.764     435
    57.8    56.7       2   0.739     327
   104.3    52.3       2   0.852     370
   105.2    54.8       2   0.844     363
    93.5    42.8       2    0.47     603
    65.4    55.5       2   0.792     332
    18.9    69.7       2   0.403      14
    72.9    66.7       2   0.822     246
    51.9    49.1       2   0.559     436
    76.9    43.2       2   0.552     450
    87.6    43.8       2   0.584     599
    63.7    56.1       2   0.818     330
    88.1    47.7       2   0.724     597
    78.2    59.2       2   0.925     337
    77.8    64.9       2   0.827     253
    65.1    63.9       2   0.788     254
   103.6    51.5       2   0.849     374
   117.7    52.3       2   0.649     373
   136.1    57.6       2   0.603     383
    85.6    50.3       2   0.622     446
    71.4    51.2       2   0.789     433
     112    49.6       2   0.655     379
    56.1    45.5       2   0.568     443
    96.4    61.7       2   0.945     262
    56.5    60.4       2   0.705     263
    75.1    46.8       2   0.639     441
      69      61       2   0.832     265
    77.9    60.4       2   0.912     266
    51.9    47.1       2   0.547     439
    97.5    58.4       2   0.903     340
    69.7    48.3       2   0.689     438
    60.6    56.8       2   0.721     328
   113.5    52.1       2   0.586     372
    49.2    69.1       2   0.616     220
      98    55.9       2   0.896     344
   100.2    64.3       2   0.865     274
    69.3    41.3       2   0.468     460
    68.4    51.8       2   0.744     431
    63.6    39.1       2   0.486     462
    61.7    69.7       2   0.622     240
    58.3      38       2   0.522     465
    69.4    56.1       2   0.843     331
   123.4    66.8       2   0.624     272
   116.9    64.2       2   0.717     275
    80.4    73.5       2   0.623     210
     108    61.3       2   0.879     281
    43.3    68.7       2   0.591     222
   112.6    59.5       2   0.832     354
   114.3    66.3       2   0.739     271
    57.4    52.2       2   0.576     430
    54.7    49.1       2   0.558     437
      24    71.1       2    0.29      17
     124    68.7       2   0.576     269
   118.3    68.6       2   0.606     268
   112.4    68.5       2   0.661     267
   121.6    63.8       2   0.692     276
  -103.1    44.1       3   0.594     856
   -71.2    42.2       3   0.719     884
   -92.2    38.8       3   0.916     799
   -93.4    37.2       3   0.906     798
    -100    37.8       3   0.684     802
   -97.4    37.7       3    0.76     801
   -94.7    39.3       3   0.866     800
   -18.8    76.8       3   0.314      69
  -101.7    39.4       3   0.605     804
   -73.8    42.8       3   0.705     817
   -97.9    22.2       3   0.318     888
   -89.7    39.8       3   0.939     797
   -90.5    41.5       3    0.91     830
   -95.6    39.1       3   0.849     803
   -93.8    32.5       3   0.678     750
   -75.4    40.7       3    0.88     816
   -77.5    25.1       3   0.359     896
   -97.7    30.3       3   0.572     753
   -97.2    31.6       3   0.596     754
   -71.1    42.2       3    0.72     885
  -101.8    33.7       3   0.484     758
   -82.6    45.9       3   0.638     718
   -87.9      42       3   0.917     825
   -81.6    38.4       3   0.876     787
   -84.6      38       3    0.92     789
   -84.4    46.5       3   0.641     863
   -78.8    35.9       3   0.791     767
   -75.6    35.3       3   0.751     766
   -82.9      40       3   0.922     792
   -82.6    38.4       3   0.909     791
   -88.1    44.4       3   0.835     852
   -92.5    43.9       3   0.795     851
   -87.9      43       3   0.851     849
   -86.2    43.2       3   0.874     847
   -70.2    43.4       3   0.644     845
   -71.5    43.2       3   0.729     844
   -78.7    42.9       3   0.851     823
   -82.6    35.4       3   0.827     772
   -80.7    35.2       3   0.804     771
   -82.2    34.9       3   0.786     770
   -93.7    41.5       3    0.85     831
   -83.5    41.6       3   0.919     829
   -86.3    41.7       3   0.903     828
   -85.2      41       3   0.925     827
   -81.1      34       3   0.656     769
   -81.4    40.9       3   0.902     820
   -80.2    40.5       3   0.868     819
     -76    42.2       3   0.804     815
   -71.1    42.5       3   0.676     813
   -72.7    41.9       3   0.775     812
   -71.3    41.4       3   0.807     811
   -95.9    36.2       3    0.79     779
   -97.6    35.4       3   0.727     778
  -100.6    41.5       3   0.717     835
   -85.2      35       3   0.843     774
   -91.1    38.8       3   0.897     795
     -84    35.8       3   0.809     775
   -97.4      42       3   0.757     833
    58.1    80.6       3    0.34     206
   -76.2    36.9       3   0.796     768
   -86.7    36.1       3   0.896     776
     -80    36.1       3   0.808     773
   -98.3      41       3   0.728     832
   -80.7    41.3       3   0.892     821
   -92.2    46.8       3   0.675     864
   -93.4    48.6       3   0.671     865
   -93.2    44.9       3   0.732     855
  -100.5    31.4       3   0.476     755
   -85.7    38.2       3   0.936     790
   -97.4    25.9       3   0.442     751
   -95.3    29.7       3   0.534     749
   -88.8    32.3       3   0.728     747
   -81.5    37.6       3   0.849     786
   -96.7    43.6       3   0.734     853
   -84.4    33.7       3   0.764     743
   -84.2    39.9       3   0.933     793
     -80    32.9       3   0.715     739
   -81.7    30.5       3   0.603     737
   -80.1    26.7       3   0.535     735
   -81.8    24.6       3   0.484     733
     -80    37.3       3   0.875     785
    15.5    78.3       3   0.319      13
   -66.1    43.8       3   0.226     716
   -86.4    32.3       3   0.672     745
   -84.7    39.1       3   0.947     788
      19    74.5       3   0.409      15
   -75.7    41.3       3   0.797     814
   -77.4    37.5       3   0.874     784
   -76.1    43.1       3   0.722     818
   -99.7    32.4       3   0.599     757
   -80.2    42.1       3   0.889     822
   -77.7    43.1       3   0.813     824
   -96.4    42.4       3   0.762     834
   -87.6    37.8       3   0.941     794
   -89.7    40.7       3   0.942     826
   -80.1    25.8       3   0.501     734
  -102.2      32       3   0.328     756
   -81.2    32.1       3   0.681     738
   -81.3    28.4       3    0.57     736
   -90.3      30       3    0.63     746
   -88.2    30.7       3   0.688     744
   -94.8    29.3       3    0.61     748
   -97.2    46.9       3   0.674     866
     -82    33.4       3   0.732     742
   -83.7    32.7       3   0.737     741
   -84.4    30.4       3   0.623     740
   -73.2    44.5       3   0.639     846
   -83.8      43       3   0.872     848
   -89.3    43.1       3   0.862     850
   -98.5    29.5       3   0.562     752
   -94.4    35.3       3   0.855     777
    14.2    78.1       3   0.344     208
   -73.9    40.8       3   0.767     810
   -86.3    39.7       3   0.975     796
   -98.2    44.4       3   0.697     854
  -101.7    35.2       3   0.542     780
   -88.3    17.5       4   0.365     898
   145.6    43.3       4   0.765     550
   -61.1     4.6       4    0.26     918
   126.5    33.5       4    0.65     546
   140.9    38.3       4    0.84     554
   -18.1    65.7       4   0.327      65
   128.9    54.7       4   0.586     385
   136.6      45       4    0.81     396
   145.9      44       4   0.738     405
   142.7    46.9       4   0.721     404
   142.2      48       4   0.729     403
   143.1    49.2       4   0.569     402
   142.2    50.9       4   0.738     401
   143.1    51.5       4   0.656     400
   130.8    42.6       4   0.837     399
   131.9    43.1       4   0.837     398
   131.4    44.4       4   0.853     397
   133.7    45.9       4    0.82     395
     131    47.7       4   0.788     394
   130.1    49.4       4   0.765     393
   132.3    50.9       4   0.607     392
   127.6    50.3       4   0.657     391
   136.5    52.4       4   0.593     390
   129.9    52.4       4   0.596     389
   140.7    53.2       4   0.579     388
     133    53.1       4   0.628     387
   134.4    54.5       4   0.685     386
    79.9    37.1       4   0.476     602
   138.1    36.4       4   0.821     558
   139.8    33.1       4   0.619     564
   138.2    34.6       4    0.78     562
   129.9    32.7       4   0.754     570
   135.8    33.5       4   0.717     566
    37.4    12.6       4   0.327     677
   120.3    36.1       4   0.566     612
   123.5    41.7       4   0.653     610
   129.5    42.9       4   0.749     609
    88.2      39       4   0.584     601
      76    39.5       4   0.469     600
   123.9    47.4       4   0.789     596
   130.6    31.6       4   0.675     571
   131.6    33.2       4   0.724     569
   130.4    33.6       4   0.729     568
   129.3    34.2       4    0.72     567
   135.5    34.7       4   0.796     565
   139.8    35.7       4   0.806     563
   140.9    35.7       4   0.759     561
     137    35.2       4   0.791     560
   139.1    36.4       4   0.784     559
   136.7    36.6       4   0.844     557
   139.1    37.9       4   0.859     556
   136.9    37.4       4   0.844     555
   140.1    39.7       4   0.883     553
   140.8    41.8       4   0.896     552
   142.8    42.2       4   0.847     551
   141.3    43.1       4   0.872     549
   144.3      44       4   0.816     548
   141.7    45.4       4   0.831     547
   127.7    34.7       4   0.705     545
   126.4    34.8       4   0.755     544
   129.4      36       4   0.705     543
   130.9    37.5       4   0.781     542
     127    37.6       4   0.711     541
   128.9    37.8       4   0.688     540
  -104.3    19.1       5   0.246     891
     -66    18.4       5   0.263     897
     2.9    42.7       5   0.911      98
    -2.4    36.9       5   0.831     113
    -5.9    37.4       5   0.825     112
    -6.8    38.9       5   0.837     111
       0      40       5   0.907     110
    -0.4    39.5       5   0.865     109
    -3.7    40.4       5   0.872     108
    -2.5    41.8       5   0.859     107
    -3.6    40.5       5   0.903     106
    -5.5    40.9       5   0.901     105
      -1    41.7       5   0.934     104
    -4.7    41.7       5   0.926     103
    -7.7    33.6       5   0.722     630
    -3.6    42.4       5   0.952     102
     8.8    41.9       5   0.806      99
     7.2    43.6       5   0.841      97
     3.3    36.7       5   0.816     634
     5.2    43.5       5   0.898      96
    13.8    45.7       5   0.723     180
       4    43.6       5   0.898      95
    39.6     0.5       5   0.202     680
     1.4    43.6       5   0.938      94
     4.7    44.6       5   0.862      93
    14.5    35.9       5   0.593     181
   -16.5      16       5   0.421     660
    -0.7    44.8       5   0.853      92
     5.1    47.3       5   0.783      91
    -8.4    43.4       5   0.744     100
    17.8    43.4       5   0.594     170
     2.4    47.1       5   0.783      90
    10.2    36.8       5   0.734     644
    16.4    43.5       5   0.592     169
     5.7    34.8       5   0.723     641
     8.1    35.5       5   0.658     639
    15.4    44.5       5   0.634     168
     2.2    36.3       5   0.893     637
     1.3    36.2       5   0.889     636
     6.6    36.3       5   0.704     635
    -1.6    47.2       5   0.668      89
    -0.6    35.6       5   0.858     640
     7.8    36.8       5   0.746     633
    -6.9    30.9       5   0.678     632
    -8.8    31.6       5   0.682     631
    -5.5    33.9       5   0.711     629
   -16.3    28.5       5   0.444     628
     7.6    48.6       5   0.631      88
    -2.2    31.6       5   0.725     642
     2.8      36       5    0.86     638
    -3.8    43.5       5   0.906     101
     3.1    50.6       5   0.662      86
       9      46       5   0.794      85
     7.3    46.2       5   0.817      84
     6.1    46.3       5   0.846      83
    -5.4    36.2       5    0.84     114
     9.4    47.3       5   0.628      82
     8.6    47.4       5   0.728      81
     7.6    47.5       5   0.713      80
    14.3    46.6       5   0.622     149
    14.3    46.7       5    0.57     148
    13.7    46.6       5    0.61     147
      13    47.1       5   0.544     145
      11    47.8       5   0.669     142
      11    47.4       5   0.599     141
    -9.1    38.7       5   0.778     117
  -123.9    46.2       6   0.609     874
  -131.6      55       6   0.882     706
     -60    -3.1       6   0.182     920
    74.8    34.1       6   0.266     487
  -110.3    54.4       6   0.874     712
   134.5     7.3       6   0.156     928
  -151.5    59.6       6   0.761     704
   -72.5     7.9       6   0.392     916
  -122.5      53       6   0.847     710
   -61.5    16.3       6   0.421     900
  -108.3    46.9       6    0.69     878
  -122.3    47.5       6    0.67     876
  -111.4    47.5       6    0.75     871
  -100.8    46.8       6   0.729     867
  -108.5    45.8       6   0.668     858
  -139.1    64.1       6   0.887     732
  -135.1    60.7       6    0.89     731
  -122.6    58.8       6    0.81     729
  -126.6    49.4       6     0.8     725
  -105.7    53.2       6   0.843     724
   -97.2    49.9       6   0.703     723
   -91.9    50.1       6   0.593     722
  -115.6    51.2       6   0.866     713
  -127.4    50.7       6   0.831     711
  -131.8    53.3       6    0.78     709
  -114.8    55.3       6   0.889     708
  -117.2    58.6       6   0.821     707
  -139.7    59.5       6   0.911     705
  -156.7    58.7       6   0.561     703
    -150    61.2       6   0.793     700
  -147.9    64.8       6   0.751     699
  -155.6      63       6   0.602     697
  -165.4    64.5       6   0.476     695
  -151.5    66.9       6   0.744     694
  -162.6    66.9       6   0.518     693
   -17.5    14.7       6   0.377     661
  -127.2    54.8       6   0.844     730
  -150.1    62.3       6   0.828     698
  -106.6    48.2       6    0.76     868
     -69    12.2       7    0.38     904
   -59.5    13.1       7   0.314     902
    47.8    41.5       7   0.555     455
    47.6    42.8       7   0.473     454
    44.6    43.1       7   0.522     453
    39.8    43.6       7   0.891     452
    39.1    44.1       7   0.844     451
      42    45.1       7   0.486     429
    34.1    44.7       7   0.715     416
    30.7    36.7       7   0.645     205
    28.4    37.2       7   0.782     204
    40.2    37.9       7   0.835     203
    38.8    37.1       7   0.849     202
    32.5    37.9       7   0.925     201
    30.6    37.8       7     0.9     200
    27.2    38.4       7   0.877     199
    30.5    38.8       7   0.966     198
    43.4    38.5       7   0.729     197
    32.9      40       7    0.92     196
    26.4    40.1       7   0.847     195
    41.3    39.9       7    0.76     194
    39.5    39.7       7    0.83     193
      37    39.8       7   0.901     192
    33.8    41.4       7   0.865     191
    26.6    41.7       7    0.71     190
    40.5      41       7   0.906     189
    36.3    41.3       7   0.915     188
    25.2    35.3       7   0.679     187
      22    37.1       7   0.527     186
    20.9    37.8       7   0.511     185
    23.7    37.9       7   0.722     184
    23.7      38       7   0.659     183
    19.9    39.6       7   0.511     182
    23.4    42.7       7   0.486     179
   -69.7    11.4       7   0.363     907
    24.5    47.1       7   0.541     171
    19.3    43.4       7   0.508     165
    -6.8      62       8   0.516      73
     9.1    60.6       8   0.737      26
     8.5    51.2       8   0.768     130
       7    51.4       8   0.769     129
     5.3    60.4       8   0.725      25
   -16.9    32.6       8   0.341     116
    -7.3    55.4       8   0.947      62
    -6.3    53.4       8   0.942      61
    -8.9    52.7       8   0.909      60
    -8.5    51.9       8   0.877      59
   -10.3    51.9       8   0.842      58
    -6.2    54.7       8   0.965      57
    -0.5    53.2       8   0.942      56
    -4.5    53.3       8   0.949      55
    -2.9    56.4       8   0.946      54
    -3.2    55.3       8   0.971      53
     2.5       8       8   0.127     683
    -6.9    56.5       8   0.938      52
    -2.2    57.2       8   0.917      51
    -6.3    58.2       8   0.882      50
     8.8    58.4       8   0.772      30
    -2.9      59       8   0.879      49
    -4.4    48.5       8   0.681      87
    -1.2    60.1       8   0.799      48
     8.1    58.1       8   0.776      29
     5.6    58.9       8   0.759      28
       6    49.5       8     0.7      79
     4.4    50.8       8   0.764      78
     6.7    52.1       8   0.788      77
     6.6    53.1       8   0.809      76
     5.2    52.1       8   0.825      75
    91.7      48       9   0.451     520
    66.9    30.3       9   0.436     479
    70.9    31.8       9   0.339     477
   110.4      20       9   0.815     627
   108.4    22.8       9   0.845     626
   116.7    23.4       9   0.936     625
   113.3    23.1       9   0.885     624
   115.9    28.6       9   0.742     623
     115    25.9       9   0.853     622
   109.7    27.5       9   0.708     621
   111.3    30.7       9   0.389     620
   113.7    34.7       9   0.414     619
   112.6    37.8       9   0.539     608
   106.2    38.5       9   0.559     607
    98.5    39.8       9   0.465     604
   131.2    25.8       9   0.688     576
   127.7    26.2       9   0.761     575
   124.2    24.3       9   0.853     574
   129.5    28.4       9   0.757     573
   131.4    31.9       9   0.646     572
   120.7      22       9   0.768     539
   120.2      23       9    0.91     538
    92.7    11.7      10   0.482     514
   -37.6    65.6      10   0.449      71
    69.8    25.5      10   0.461     485
     -22    70.5      10   0.306      70
   -63.6     8.2      10   0.344     915
   -64.7    10.1      10   0.368     911
   -67.7    10.3      10   0.412     909
   -69.3    10.1      10   0.199     908
   -15.2    64.3      10   0.235      66
    88.7      50      10   0.405     447
   -21.9    64.1      10   0.226      64
   -22.6      64      10   0.222      63
     0.4    12.1      10   0.568     687
    -1.5    12.4      10   0.709     686
    -0.1      14      10   0.869     685
     2.9    11.1      10   0.364     682
    41.9     9.6      10   0.674     679
    -5.7    11.4      10   0.484     659
    -7.5    11.4      10   0.407     658
      -8    12.5      10   0.387     657
    -6.2    13.4      10   0.746     656
    -4.1    14.5      10   0.819     655
      12    13.2      10   0.908     654
     9.1    13.8      10   0.958     653
     7.1    13.5      10   0.884     652
     5.3    13.8      10   0.909     651
     2.2    13.5      10   0.856     650
    13.1    14.3      10   0.875     649
     5.3    14.9      10   0.963     648
     1.5    14.2      10   0.947     647
       8      17      10   0.857     646
    12.9    18.7      10   0.763     645
     5.5    22.8      10   0.623     643
    81.1     6.1      11   0.495     519
    79.9     6.9      11   0.457     518
    79.3     9.3      11   0.511     515
    80.2      13      11   0.568     512
    88.3    22.5      11   0.434     502
    69.5    31.4      11   0.206     476
   122.1     6.9      11   0.344     939
   110.3     1.5      11   0.675     931
   171.4     7.1      11   0.342     927
   138.1     9.5      11   0.244     929
   -71.2     8.6      11   0.423     914
     -67    10.6      11   0.217     910
   -76.4     3.6      11   0.407     906
   -87.2    14.1      11   0.294     899
   -99.2    19.4      11   0.356     893
     113     3.2      11   0.546     932
  -110.4    24.2      11   0.276     887
    98.9     3.6      11   0.446     930
   121.6    18.4      11   0.613     935
   120.3    16.1      11   0.568     936
   118.1     5.8      11    0.48     934
    34.1    12.7      11   0.369     676
   103.4    23.4      11   0.824     618
   102.7      25      11   0.747     617
    98.5      25      11   0.537     616
   102.3    27.9      11    0.57     615
    97.2    31.2      11   0.439     614
    91.1    29.7      11    0.48     613
     105    16.7      11   0.779     594
   102.1    19.9      11   0.618     593
   102.3     2.3      11   0.407     592
   102.3     6.2      11   0.587     590
   100.3     5.3      11   0.331     589
   100.6     7.2      11   0.582     588
    99.2    10.5      11   0.817     587
    99.9    11.8      11   0.856     586
   102.1    12.6      11   0.763     585
   102.6    13.7      11   0.858     584
   100.6    13.7      11   0.944     583
   102.1      15      11   0.938     582
   100.2    15.8      11   0.935     581
   100.3    16.8      11    0.94     580
   102.8    17.4      11   0.947     579
      99    18.8      11   0.806     578
     154    24.3      11   0.373     577
     114     4.4      11   0.588     933
  -120.1    39.2      12   0.853     882
  -155.1    19.7      12   0.337     923
  -119.4    35.6      12   0.743     883
  -110.4    44.6      12   0.777     881
  -111.2    39.7      12   0.462     880
  -106.9    34.1      12   0.457     879
  -111.7    33.1      12   0.757     877
  -122.9    47.1      12   0.577     875
  -117.5    47.6      12   0.676     873
  -120.5    46.6      12   0.603     872
  -114.1    47.3      12   0.673     870
    -112    46.6      12   0.581     869
  -122.6    45.6      12   0.608     861
  -118.8    45.5      12   0.698     860
  -116.6    43.6      12   0.778     859
    -107    44.8      12   0.576     857
  -122.9    42.4      12   0.758     843
  -117.8    40.9      12   0.914     841
  -112.6    42.9      12   0.869     840
  -108.7    42.8      12   0.694     839
    -112    40.8      12   0.881     838
  -106.4    42.6      12   0.764     837
  -104.8    41.1      12   0.577     836
    52.7    72.4      12   0.456     211
  -122.4    37.6      12   0.644     809
  -119.8    39.5      12   0.885     808
  -114.9    39.3      12   0.964     807
  -121.8    38.5      12   0.784     806
  -108.7    39.2      12   0.679     805
   158.7      53      12   0.326     407
      77    79.5      12   0.297     207
  -119.7    36.8      12   0.745     783
  -115.2    36.1      12   0.867     782
  -106.6    35.1      12   0.525     781
  -118.2    34.1      12   0.622     765
  -117.2    32.7      12   0.677     764
  -111.7    33.2      12   0.707     763
  -110.1    31.7      12   0.452     762
  -112.9    32.4      12   0.659     761
  -110.9    32.1      12   0.734     760
  -106.4    31.8      12   0.339     759
     8.7    70.9      12   0.204      12
     -60    43.9      12   0.379     715
    -7.4     4.4      12   0.173     690
    -3.2    10.3      12   0.159     689
    -4.3    11.2      12   0.227     688
  -124.2    40.8      12   0.492     842
    92.8    24.8      13   0.567     497
    91.1    25.3      13   0.505     496
    91.6    26.1      13   0.415     495
      90      26      13   0.398     494
      95    27.5      13   0.419     492
    79.7    29.5      13   0.395     489
    50.7    26.3      13   0.664     473
    39.2    21.7      13    0.64     472
    52.6    26.6      13   0.627     471
   167.7     8.7      13   0.384     926
      35    29.6      13    0.85     466
  -159.4      22      13   0.292     921
   -62.3    10.6      13    0.43     912
  -101.2    19.7      13   0.248     892
   -89.7      21      13   0.221     890
  -101.3      21      13   0.311     889
  -106.1    28.6      13   0.257     886
    30.2    13.2      13   0.864     675
    25.3    13.6      13   0.803     674
    35.4      14      13   0.413     673
    33.5    14.4      13    0.56     672
    32.3      14      13   0.806     671
    36.4    15.5      13   0.785     670
    32.6    15.6      13    0.87     669
      34    17.7      13   0.881     668
    31.9    18.6      13    0.79     667
    37.2    19.6      13   0.639     666
    33.3    19.5      13   0.925     665
    32.8      24      13   0.817     664
    31.3    39.9      13   0.801     663
    27.2    31.3      13   0.672     662
    98.1    36.3      13   0.292     605
   101.6     3.1      13   0.397     591
   103.6    48.8      14   0.877     522
   100.2    49.6      14   0.613     521
   -92.3    14.9      14   0.251     895
   -96.1    19.2      14   0.253     894
   116.5    50.4      14   0.663     380
   119.6    51.3      14   0.694     377
   110.5    51.3      14   0.604     376
    99.8    52.5      14   0.642     352
   116.3    39.9      14   0.627     611
     112    43.7      14   0.404     606
   119.8    49.2      14   0.799     595
   104.4    43.6      14   0.648     537
   111.9    43.7      14   0.401     536
   110.1    44.9      14   0.735     535
   106.3    45.8      14   0.929     534
   110.7    47.3      14   0.783     533
   108.2    46.5      14   0.911     532
   107.5    47.3      14   0.868     531
   102.8    46.3      14   0.914     530
   102.8    46.6      14   0.855     529
   100.1    47.6      14     0.5     528
   101.5    47.5      14   0.844     527
    96.3    46.4      14    0.54     526
    96.9    47.8      14   0.763     525
   114.5    48.1      14    0.64     524
   106.1    48.9      14   0.536     523
      57    30.3      15    0.48     470
   158.2       7      15   0.269     925
   -52.4     4.8      15   0.246     919
     148    70.6      15   0.803     218
     138      76      15   0.531     214
   143.2    59.4      15   0.302     382
    38.8       9      15   0.387     678
   150.8    59.6      15   0.404     297
   152.4    62.9      15    0.91     295
   150.9    65.7      15   0.967     291
     153    67.5      15   0.948     288
   148.2    62.8      15   0.845     280
   143.2    63.3      15    0.81     277
   143.2    66.4      15   0.925     273
   133.4    67.6      15   0.678     270
    77.6      13      16   0.628     513
    81.2    16.2      16   0.501     511
    83.2    17.7      16   0.508     510
    78.5    17.5      16   0.902     509
    73.9    18.5      16   0.891     508
    72.8    18.9      16   0.615     507
      82    19.1      16     0.8     506
      77    20.7      16   0.921     505
    70.4    20.9      16   0.426     504
    79.1    21.1      16   0.947     503
    75.8    22.7      16   0.907     501
    69.1    22.4      16    0.54     500
    78.8    23.9      16    0.69     499
    72.6    23.1      16   0.704     498
      73    26.3      16   0.582     493
    77.2    28.6      16   0.401     491
    73.2      28      16   0.383     490
    74.9    31.6      16   0.443     488
    67.1    24.9      16   0.524     486
    61.8    25.1      16    0.31     484
    64.1      27      16    0.42     483
    68.7    28.3      16   0.463     482
    64.4    28.9      16    0.44     481
    71.4    30.2      16   0.337     480
    74.3    31.6      16   0.451     478
    70.1    33.9      16   0.195     475
     125    11.2      16   0.237     938
   123.8    13.2      16   0.493     937
    54.1      17      16   0.468     474
    18.5     4.4      16   0.209     681
   151.9     7.5      17   0.342     924
   -67.4     7.9      17    0.28     917
   178.5      71      17   0.577     219
     166    55.2      17   0.396     408
   160.8    56.3      17   0.308     406
  -162.7    55.2      17   0.348     702
  -170.2    57.2      17   0.541     701
  -161.8    60.8      17   0.496     696
  -156.8    71.3      17   0.426     692
    -6.1       5      17   0.194     691
    83.5    53.4      17   0.235     348
   166.1    62.4      17   0.893     296
   177.6    64.8      17   0.903     294
   170.4    64.7      17   0.943     293
   160.5    65.2      17   0.827     292
   169.8    66.2      17    0.77     290
     168    67.3      17   0.925     289
   164.2    68.1      17    0.87     287
      77     8.5      18   0.254     517
    73.2     8.3      18   0.428     516
   -43.1      60      18   0.573      72
    51.7    32.6      18   0.574     469
    51.4    35.7      18   0.525     468
    59.6    36.3      18   0.454     467
   -51.8    64.2      18   0.648      68
  -157.9    21.3      18   0.338     922
    53.9    37.5      18   0.397     463
   -63.2     9.8      18   0.361     913
   -52.8    68.7      18   0.575      67
   -75.5    10.5      18   0.375     905
   -61.4    10.6      18   0.367     903
   -61.1    14.6      18   0.424     901
     -68    46.9      18   0.402     862
   -83.4    64.2      18    0.86     728
   -78.1    58.5      18   0.853     727
   -68.4    58.1      18    0.95     726
     -57    53.7      18   0.909     721
   -60.4    53.3      18   0.927     720
   -61.8    50.2      18   0.826     719
     -71    48.3      18    0.44     717
   -59.2    47.6      18    0.61     714
