   129.7      62       1   0.639     285
   108.1    57.8       1   0.891     356
      98    55.9       1    0.92     344
    78.6      53       1   0.847     351
    69.4    56.1       1   0.836     331
    55.8    54.7       1   0.795     334
     124    68.7       1    0.57     269
      69      61       1    0.81     265
   118.3    56.9       1    0.77     358
   124.9    56.8       1    0.84     359
    56.1    45.5       1   0.643     443
    65.4    55.5       1    0.79     332
   158.7      53       1   0.305     407
    87.6    43.8       1   0.612     599
      56    53.6       1   0.579     335
    58.3      38       1   0.553     465
    81.9    57.1       1   0.924     341
    92.8      56       1   0.938     343
   136.1    57.6       1   0.662     383
    47.6    42.8       1   0.475     454
   134.4    54.5       1   0.656     386
    68.4    51.8       1   0.729     431
    78.4    55.3       1   0.929     346
    78.2    59.2       1   0.924     337
   109.6    55.8       1   0.855     360
   117.7    62.2       1   0.822     279
   104.3    52.3       1   0.892     370
    93.5    42.8       1   0.516     603
   106.5    50.4       1   0.822     378
    43.3    68.7       1   0.537     222
   107.6    51.8       1   0.766     375
   120.4    60.4       1   0.841     283
    56.2    62.7       1   0.672     256
   112.4    68.5       1   0.629     267
   100.2    64.3       1   0.877     274
   145.9      44       1   0.531     405
   142.7    46.9       1   0.523     404
   121.8      59       1   0.859     355
   128.9    54.7       1   0.612     385
   103.6    51.5       1   0.874     374
     131    47.7       1   0.686     394
     108    61.3       1   0.894     281
   142.2      48       1   0.497     403
    68.2    43.3       1   0.532     456
    73.4      55       1   0.853     333
    81.3      44       1   0.591     598
   129.9    52.4       1   0.678     389
    69.7    48.3       1   0.699     438
    -7.4     4.4       1   0.148     690
   107.6    55.2       1   0.883     361
    89.2    53.3       1   0.817     349
    61.7    46.8       1   0.618     440
      99    54.9       1    0.88     347
     124      54       1    0.77     369
    63.7    56.1       1   0.818     330
     109    53.4       1   0.807     366
    51.9    47.1       1   0.674     439
   136.5    52.4       1   0.436     390
   113.6    54.5       1    0.75     364
    97.5    58.4       1   0.931     340
    78.7    67.5       1   0.811     242
      53    67.6       1   0.592     241
     133    53.1       1   0.622     387
    60.9    64.3       1   0.667     252
    56.5    60.4       1   0.673     263
   127.6    50.3       1   0.719     391
      90    61.6       1   0.938     261
    80.4    73.5       1   0.572     210
   125.4    58.6       1   0.864     381
    66.1    62.4       1   0.793     258
   114.3    66.3       1   0.728     271
    84.6    51.7       1   0.882     445
   121.6    63.8       1   0.715     276
   116.9    64.2       1   0.719     275
   140.7    53.2       1   0.506     388
    47.6    64.8       1   0.589     229
    80.3    50.4       1   0.835     448
   138.2    56.5       1   0.636     384
    50.8    61.7       1   0.669     259
    93.5    66.9       1   0.852     247
    56.9      66       1   0.588     249
   136.6      45       1   0.719     396
   143.2    59.4       1   0.276     382
    57.2    50.3       1   0.649     434
     112    49.6       1   0.725     379
    59.8      43       1   0.611     457
    60.6    56.8       1   0.745     328
    65.7    59.6       1   0.798     321
      53      40       1   0.526     461
    87.9    63.2       1    0.93     255
   109.6    53.6       1   0.757     367
   128.9    71.6       1    0.32     216
    64.6    41.7       1    0.58     459
    74.4    56.9       1   0.879     329
    71.4    51.2       1   0.757     433
   106.2    59.3       1   0.915     353
    86.4    67.5       1   0.881     243
    81.2    51.5       1   0.824     444
   124.9      56       1   0.845     362
    75.1    46.8       1   0.653     441
   105.2    54.8       1   0.886     363
    91.7    53.7       1   0.768     350
   112.6    59.5       1   0.861     354
      24    71.1       1   0.218      17
    54.7    49.1       1   0.635     437
    80.3    61.1       1   0.935     260
    49.2    69.1       1   0.519     220
    62.1    45.8       1   0.577     442
   142.2    50.9       1   0.481     401
   134.5    60.4       1   0.611     286
    60.9    62.4       1   0.704     257
   113.5    52.1       1   0.703     372
   102.5      72       1    0.53     212
   143.1    51.5       1   0.522     400
    61.7    69.7       1   0.531     240
   143.1    49.2       1   0.447     402
    92.2    58.5       1   0.953     339
    88.1    47.7       1   0.741     597
    72.9    66.7       1   0.785     246
      83    58.3       1   0.923     338
   111.6    52.5       1   0.766     371
    80.4    73.5       1   0.667     213
    73.1    49.8       1   0.759     435
   113.1    54.6       1   0.796     365
    60.8    66.5       1   0.647     244
    51.9    49.1       1   0.646     436
    86.1    55.2       1   0.892     345
    57.1    65.1       1   0.587     250
     114    70.1       1   0.446     217
   132.3    50.9       1    0.56     392
   102.3    60.3       1   0.909     282
   119.7    53.8       1    0.81     368
    87.9    65.8       1   0.899     251
   108.4    62.8       1   0.874     278
   118.3    68.6       1   0.539     268
   123.4    66.8       1   0.639     272
    77.8    64.9       1   0.826     253
    65.1    63.9       1   0.724     254
   125.3    60.8       1   0.683     284
    56.2      58       1   0.803     323
    68.3    58.2       1    0.83     324
    84.9    56.5       1   0.938     342
    57.8    56.7       1   0.768     327
    76.9    43.2       1   0.553     450
    77.9    60.4       1   0.871     266
    80.1    44.2       1   0.637     449
    53.5    56.8       1   0.556     326
    85.6    50.3       1   0.632     446
    58.9    58.5       1   0.739     322
      48    46.3       1   0.625     428
    65.4    57.1       1   0.821     325
    60.5    60.7       1   0.719     264
    52.3    65.4       1   0.598     248
   131.4    44.4       1   0.709     397
    66.7    66.5       1   0.673     245
    96.4    61.7       1   0.932     262
   117.7    52.3       1   0.763     373
   101.8    57.3       1   0.909     357
    57.4    52.2       1   0.614     430
    42.9    62.1       2   0.726     231
      13    50.4       2   0.735     137
    12.5    55.7       2   0.877      74
    32.3    67.1       2   0.618     223
     9.7    52.5       2   0.864     124
      15      51       2   0.852     135
      13    47.1       2   0.561     145
    10.5      59       2   0.794      31
    25.5    69.5       2   0.557      18
    13.1    52.4       2    0.87     126
    12.2    51.1       2   0.866     132
    17.1    57.4       2   0.897      41
    10.6    51.3       2   0.785     131
    43.7    49.8       2   0.747     423
     8.5    51.2       2   0.727     130
       7    51.4       2    0.73     129
    14.1    57.8       2   0.885      40
     8.8    58.4       2   0.754      30
    46.7    48.2       2   0.641     424
    45.4    46.2       2   0.623     425
     9.6    63.7       2   0.621      23
    26.1    50.6       2   0.922     411
    10.7      60       2   0.746      32
    12.4    51.3       2   0.844     133
    35.8    50.8       2   0.882     421
    44.3    46.4       2   0.662     427
    14.5    63.2       2   0.692      36
     5.3    60.4       2   0.631      25
    33.6    59.6       2   0.912     300
    38.1    63.9       2   0.734     232
    30.5    50.4       2   0.911     412
     6.5    62.9       2   0.572      21
       6    49.5       2   0.668      79
    51.3    51.3       2   0.591     432
    30.3      60       2   0.919     299
     9.6    54.5       2    0.86     118
    25.7    62.2       2   0.875      45
      13    47.8       2   0.725     146
    41.3    52.8       2   0.811     320
     5.6    58.9       2   0.688      28
    19.2    47.4       2   0.682     161
      24    49.8       2   0.888     414
    29.8    52.3       2   0.935     410
    38.9    61.5       2   0.835     236
    39.3    53.8       2   0.864     319
    13.8    51.2       2   0.832     134
    20.2    49.1       2   0.791     154
    14.4    67.3       2   0.503      20
    50.5    53.3       2   0.621     336
    30.7    61.7       2   0.889     233
    27.5    53.9       2   0.962     308
    16.9    52.4       2   0.886     157
    16.9    51.1       2   0.862     159
    28.2    61.1       2   0.898      46
    33.8    52.6       2   0.916     309
    23.2    53.1       2    0.95     156
    19.2    48.6       2   0.634     153
      18    66.9       2   0.628      34
    28.6    44.2       2   0.697     178
    36.5      61       2   0.866     235
    45.5    51.6       2   0.749     420
    37.4    51.2       2   0.872     419
    10.9    63.5       2   0.643      24
    39.7    54.6       2   0.834     318
      28    57.8       2    0.94     302
    40.9    57.7       2   0.854     312
    23.7    52.1       2   0.954     409
    34.3    66.7       2   0.645     225
    38.2      46       2   0.694     426
    21.6    47.5       2   0.653     162
    45.8    57.9       2   0.739     311
    30.6    46.5       2   0.818     415
      20      50       2   0.869     160
      44    56.3       2   0.777     313
    17.9    59.4       2   0.909      39
     9.1    62.1       2   0.669      22
    23.2      70       2   0.487      16
    29.7    45.2       2   0.723     176
    37.1    67.3       2   0.574     224
    13.5    59.4       2   0.851      38
    18.1    49.7       2   0.827     152
    22.5    68.4       2   0.648      33
    23.6    46.8       2    0.58     173
    36.2    51.8       2    0.89     418
    28.7    60.7       2   0.916     239
    17.9    62.6       2   0.766      37
    11.6    52.1       2   0.869     125
    27.6    47.2       2   0.851     172
     8.8    53.1       2   0.837     123
      11      51       2   0.844     136
   -77.5    25.1       2   0.256     896
    13.4    52.5       2   0.868     127
    12.1    54.2       2   0.891     121
     9.2    48.8       2    0.71     138
    44.6    43.1       2    0.49     453
    14.1    52.2       2   0.865     128
      16    45.8       2   0.657     167
      25    60.3       2   0.922      47
    26.1    44.5       2   0.683     177
    41.7      55       2   0.845     317
    37.6    55.8       2   0.869     316
    49.2    55.8       2    0.64     315
    18.2      46       2   0.687     163
    32.9      50       2   0.888     413
    31.2    65.2       2   0.756     226
    39.9    59.3       2   0.857     310
      10    53.6       2   0.861     119
    32.1    54.8       2   0.941     307
      21    52.2       2   0.935     158
      21    56.5       2    0.94     303
     8.1    58.1       2   0.753      29
      24    58.1       2   0.937     301
    14.6    53.4       2    0.91     155
    46.7    61.2       2   0.678     238
    18.3    57.7       2   0.901      42
    14.2    50.1       2   0.773     150
    24.8    59.4       2   0.864     298
    36.3    49.9       2   0.866     422
    12.1    49.1       2   0.747     139
    11.6    48.2       2   0.688     140
    13.5    54.1       2   0.916     122
    13.2    55.7       2   0.898      43
    36.3    52.3       2   0.897     417
     6.7    52.1       2   0.779      77
     4.4    50.8       2    0.71      78
    16.7    49.2       2   0.749     151
    16.3    48.2       2   0.784     144
   -17.5    14.7       2    0.42     661
    14.1    48.2       2   0.749     143
    26.7    67.4       2   0.707      44
      42    45.1       2   0.603     429
    40.5    64.5       2   0.646     228
    30.6    56.3       2   0.935     304
    23.8    54.9       2   0.964     305
    25.1    54.6       2   0.928     306
    34.3    61.8       2    0.87     234
     6.6    53.1       2   0.804      76
    11.4    53.6       2   0.874     120
    40.2    61.7       2   0.799     237
    47.6    64.8       2   0.814     230
    34.8      65       2   0.738     227
     4.9    59.3       2   0.679      27
      36    55.5       2   0.923     314
     5.2    52.1       2   0.771      75
    31.1    70.4       2   0.448      19
    20.5    44.8       2   0.565     164
    33.1      69       2   0.573     221
    19.6    66.6       2   0.659      35
   -82.2    34.9       3   0.772     770
   -81.3    28.4       3   0.559     736
   -81.2    32.1       3   0.703     738
   -83.7    32.7       3   0.723     741
     -82    33.4       3   0.715     742
   -84.4    30.4       3   0.605     740
   -76.2    36.9       3   0.841     768
     -84    35.8       3   0.821     775
   -90.3      30       3   0.662     746
   -86.7    36.1       3    0.91     776
   -88.2    30.7       3   0.702     744
   -18.8    76.8       3    0.33      69
   -77.4    37.5       3   0.872     784
  -101.7    35.2       3    0.57     780
   -95.9    36.2       3   0.802     779
   -80.1    25.8       3   0.449     734
   -97.6    35.4       3   0.745     778
   -85.2      35       3   0.852     774
    18.9    69.7       3   0.389      14
   -75.6    35.3       3    0.73     766
   -72.7    41.9       3     0.8     812
   -71.1    42.2       3   0.723     885
   -71.2    42.2       3   0.758     884
     -80    37.3       3   0.881     785
   -93.4    48.6       3   0.748     865
   -84.4    46.5       3   0.725     863
   -93.2    44.9       3   0.795     855
   -96.7    43.6       3   0.769     853
   -92.5    43.9       3   0.847     851
   -83.8      43       3   0.897     848
   -86.2    43.2       3   0.903     847
   -70.2    43.4       3   0.717     845
   -71.5    43.2       3   0.745     844
   -94.8    29.3       3   0.746     748
   -93.7    41.5       3   0.891     831
   -83.5    41.6       3   0.937     829
   -85.2      41       3   0.941     827
   -78.7    42.9       3    0.86     823
   -81.4    40.9       3   0.914     820
   -80.2    40.5       3   0.873     819
   -75.4    40.7       3   0.869     816
     -76    42.2       3   0.807     815
   -71.1    42.5       3   0.696     813
   -71.3    41.4       3   0.826     811
   -95.6    39.1       3    0.87     803
   -75.7    41.3       3   0.791     814
   -92.2    38.8       3   0.939     799
   -89.7    39.8       3   0.945     797
   -86.3    39.7       3   0.973     796
   -91.1    38.8       3   0.937     795
   -97.9    22.2       3   0.351     888
   -84.2    39.9       3   0.936     793
   -82.6    38.4       3    0.91     791
   -84.6      38       3   0.936     789
   -94.4    35.3       3    0.85     777
   -82.6    35.4       3   0.827     772
   -80.7    35.2       3   0.792     771
   -81.1      34       3    0.65     769
   -78.8    35.9       3    0.79     767
   -99.7    32.4       3   0.632     757
  -100.5    31.4       3   0.524     755
   -97.7    30.3       3   0.629     753
   -97.4    25.9       3   0.589     751
   -95.3    29.7       3   0.636     749
   -88.8    32.3       3    0.76     747
   -86.4    32.3       3   0.653     745
   -84.4    33.7       3    0.76     743
     -80    32.9       3   0.716     739
   -81.7    30.5       3   0.622     737
   -80.1    26.7       3   0.486     735
   -81.8    24.6       3   0.471     733
   -91.9    50.1       3   0.636     722
     -80    36.1       3   0.798     773
   -92.2    46.8       3   0.745     864
   -66.1    43.8       3   0.286     716
   -82.6    45.9       3   0.699     718
  -101.8    33.7       3   0.503     758
  -102.2      32       3   0.346     756
   -97.2    31.6       3   0.665     754
   -76.1    43.1       3   0.747     818
   -81.6    38.4       3   0.879     787
   -98.5    29.5       3   0.615     752
   -93.8    32.5       3   0.711     750
   -89.3    43.1       3   0.906     850
   -88.1    44.4       3   0.883     852
   -87.6    37.8       3    0.95     794
    14.2    78.1       3   0.251     208
   -82.9      40       3   0.924     792
   -84.7    39.1       3   0.945     788
   -81.5    37.6       3   0.853     786
   -93.4    37.2       3   0.928     798
      19    74.5       3   0.316      15
   -85.7    38.2       3   0.946     790
   -73.9    40.8       3    0.77     810
   -73.8    42.8       3   0.715     817
  -101.7    39.4       3   0.668     804
   -80.7    41.3       3   0.899     821
   -77.7    43.1       3   0.844     824
   -87.9      42       3   0.936     825
   -89.7    40.7       3   0.954     826
    -100    37.8       3   0.709     802
   -86.3    41.7       3   0.924     828
   -96.4    42.4       3   0.814     834
   131.2    25.8       3   0.351     576
   -97.4    37.7       3   0.781     801
   -90.5    41.5       3    0.93     830
   -73.2    44.5       3   0.668     846
   -94.7    39.3       3   0.892     800
   -80.2    42.1       3   0.896     822
    15.5    78.3       3   0.235      13
   -87.9      43       3   0.889     849
    -5.4    36.2       4   0.842     114
     -66    18.4       4    0.36     897
  -101.2    19.7       4   0.316     892
  -104.3    19.1       4   0.194     891
    14.3    46.7       4   0.599     148
    -9.1    38.7       4    0.79     117
     7.6    47.5       4   0.776      80
   -16.9    32.6       4   0.469     116
    -7.7    33.6       4   0.754     630
   -16.5      16       4   0.482     660
     3.3    36.7       4   0.833     634
    -2.4    36.9       4   0.827     113
    -5.9    37.4       4   0.866     112
    -6.8    38.9       4    0.88     111
    -2.2    31.6       4   0.757     642
    -0.6    35.6       4   0.868     640
    -0.4    39.5       4   0.883     109
    -6.9    30.9       4   0.688     632
    -3.7    40.4       4   0.899     108
    -2.5    41.8       4   0.895     107
     2.8      36       4   0.867     638
    -3.6    40.5       4   0.915     106
    -4.7    41.7       4   0.924     103
    -3.6    42.4       4   0.958     102
    -3.8    43.5       4   0.864     101
     8.8    41.9       4   0.841      99
     7.2    43.6       4   0.877      97
     2.9    42.7       4   0.925      98
    14.5    35.9       4   0.618     181
     5.2    43.5       4   0.923      96
   -69.7    11.4       4   0.425     907
    13.8    45.7       4   0.747     180
       4    43.6       4   0.933      95
     1.4    43.6       4   0.954      94
      -1    41.7       4   0.945     104
     4.7    44.6       4   0.914      93
    -0.7    44.8       4   0.877      92
    -5.5    40.9       4   0.917     105
     5.1    47.3       4   0.818      91
    17.8    43.4       4   0.649     170
     2.4    47.1       4   0.812      90
    10.2    36.8       4   0.756     644
    16.4    43.5       4   0.661     169
     5.7    34.8       4   0.737     641
     8.1    35.5       4   0.685     639
    15.4    44.5       4   0.729     168
     2.2    36.3       4   0.903     637
     1.3    36.2       4   0.886     636
     6.6    36.3       4   0.714     635
    -1.6    47.2       4    0.67      89
     7.8    36.8       4   0.759     633
    -8.8    31.6       4   0.722     631
    15.2    46.2       4   0.662     166
    -5.5    33.9       4   0.757     629
   -16.3    28.5       4    0.52     628
     7.6    48.6       4   0.683      88
    -8.4    43.4       4   0.764     100
     3.1    50.6       4   0.606      86
       9      46       4   0.818      85
     7.3    46.2       4    0.87      84
     6.1    46.3       4    0.88      83
       0      40       4   0.927     110
     9.4    47.3       4   0.663      82
     8.6    47.4       4   0.774      81
    14.3    46.6       4   0.625     149
    13.7    46.6       4   0.638     147
      11    47.8       4   0.718     142
      11    47.4       4   0.626     141
   -61.1     4.6       5    0.24     918
    74.8    34.1       5   0.326     487
    70.9    31.8       5   0.287     477
   145.6    43.3       5   0.621     550
   -88.3    17.5       5   0.306     898
   140.9    38.3       5   0.891     554
   138.2    34.6       5   0.932     562
   135.8    33.5       5   0.907     566
   129.9    32.7       5   0.929     570
   130.8    42.6       5   0.723     399
   131.9    43.1       5    0.71     398
   133.7    45.9       5   0.596     395
    37.4    12.6       5   0.291     677
   113.7    34.7       5    0.51     619
   120.3    36.1       5   0.746     612
   112.6    37.8       5   0.628     608
    79.9    37.1       5    0.44     602
    88.2      39       5   0.586     601
      76    39.5       5   0.485     600
   129.5    28.4       5   0.589     573
   131.4    31.9       5   0.835     572
   130.6    31.6       5   0.854     571
   131.6    33.2       5   0.931     569
   130.4    33.6       5   0.932     568
   129.3    34.2       5   0.926     567
   135.5    34.7       5   0.951     565
   139.8    33.1       5   0.805     564
   139.8    35.7       5   0.911     563
   140.9    35.7       5   0.882     561
     137    35.2       5   0.938     560
   139.1    36.4       5    0.93     559
   138.1    36.4       5   0.938     558
   136.7    36.6       5   0.978     557
   139.1    37.9       5    0.95     556
   136.9    37.4       5   0.965     555
   140.1    39.7       5   0.886     553
   140.8    41.8       5    0.82     552
   142.8    42.2       5   0.746     551
   141.3    43.1       5   0.764     549
   144.3      44       5    0.68     548
   141.7    45.4       5   0.667     547
   126.5    33.5       5   0.889     546
   127.7    34.7       5     0.9     545
   126.4    34.8       5   0.896     544
   129.4      36       5   0.923     543
   130.9    37.5       5   0.951     542
     127    37.6       5   0.856     541
   128.9    37.8       5   0.917     540
   134.5     7.3       6    0.18     928
  -104.8    41.1       6   0.657     836
  -114.8    55.3       6   0.815     708
  -122.5      53       6    0.86     710
  -108.3    46.9       6   0.956     878
  -122.3    47.5       6   0.719     876
  -122.9    47.1       6   0.682     875
  -117.5    47.6       6   0.739     873
  -120.5    46.6       6   0.724     872
  -111.4    47.5       6   0.931     871
    -112    46.6       6   0.821     869
  -106.6    48.2       6   0.961     868
  -100.8    46.8       6   0.905     867
   -97.2    46.9       6   0.833     866
  -122.6    45.6       6   0.663     861
    -107    44.8       6   0.895     857
  -103.1    44.1       6   0.894     856
   -98.2    44.4       6   0.779     854
   -25.7    37.8       6   0.412     115
  -108.5    45.8       6   0.937     858
  -100.6    41.5       6   0.789     835
   -97.4      42       6   0.792     833
   -98.3      41       6   0.778     832
    52.7    72.4       6    0.48     211
     104    77.7       6   0.336     209
      77    79.5       6    0.34     207
    58.1    80.6       6   0.405     206
  -127.2    54.8       6   0.757     730
  -126.6    49.4       6   0.652     725
  -105.7    53.2       6   0.828     724
   -97.2    49.9       6   0.795     723
  -115.6    51.2       6   0.932     713
  -127.4    50.7       6   0.702     711
  -117.2    58.6       6   0.625     707
  -110.3    54.4       6   0.812     712
  -114.1    47.3       6   0.785     870
  -123.9    46.2       6   0.676     874
    23.7    37.9       7   0.793     184
     -69    12.2       7   0.398     904
    39.8    43.6       7   0.863     452
    39.1    44.1       7   0.799     451
    34.1    44.7       7   0.688     416
    30.7    36.7       7   0.737     205
    28.4    37.2       7   0.797     204
    40.2    37.9       7   0.808     203
    38.8    37.1       7   0.827     202
    32.5    37.9       7   0.896     201
    30.6    37.8       7   0.874     200
    27.2    38.4       7   0.894     199
    30.5    38.8       7   0.948     198
    43.4    38.5       7   0.681     197
    32.9      40       7   0.896     196
    26.4    40.1       7   0.849     195
    41.3    39.9       7   0.673     194
    39.5    39.7       7   0.793     193
      37    39.8       7    0.85     192
    33.8    41.4       7   0.844     191
    26.6    41.7       7   0.741     190
    40.5      41       7   0.902     189
    36.3    41.3       7   0.905     188
    25.2    35.3       7   0.731     187
      22    37.1       7   0.591     186
    20.9    37.8       7   0.666     185
    23.7      38       7   0.745     183
    19.9    39.6       7    0.67     182
    -4.3    11.2       7   0.239     688
    23.4    42.7       7   0.588     179
    24.2    45.8       7   0.566     175
    21.3    45.8       7   0.559     174
    -7.5    11.4       7   0.374     658
      -8    12.5       7   0.367     657
    24.5    47.1       7   0.629     171
    19.3    43.4       7   0.654     165
  -124.2    40.8       8   0.508     842
  -155.1    19.7       8   0.327     923
  -119.4    35.6       8    0.81     883
  -110.4    44.6       8   0.746     881
  -111.2    39.7       8   0.509     880
  -106.9    34.1       8   0.465     879
  -111.7    33.1       8   0.743     877
  -118.8    45.5       8   0.666     860
  -116.6    43.6       8   0.768     859
  -122.9    42.4       8   0.768     843
  -117.8    40.9       8   0.921     841
  -112.6    42.9       8   0.881     840
  -108.7    42.8       8   0.639     839
    -112    40.8       8   0.876     838
  -106.4    42.6       8   0.697     837
  -122.4    37.6       8   0.622     809
  -119.8    39.5       8   0.861     808
  -114.9    39.3       8   0.942     807
  -121.8    38.5       8   0.791     806
  -108.7    39.2       8   0.651     805
   160.8    56.3       8   0.342     406
  -119.7    36.8       8   0.783     783
  -115.2    36.1       8   0.884     782
  -106.6    35.1       8   0.513     781
  -118.2    34.1       8    0.55     765
  -117.2    32.7       8   0.666     764
  -111.7    33.2       8   0.694     763
  -110.1    31.7       8   0.426     762
  -112.9    32.4       8   0.622     761
  -110.9    32.1       8    0.72     760
  -106.4    31.8       8    0.44     759
     -60    43.9       8   0.344     715
   150.8    59.6       8   0.397     297
  -120.1    39.2       8   0.878     882
    -6.8      62       9   0.329      73
     9.1    60.6       9   0.655      26
    -7.3    55.4       9   0.955      62
   114.1      72       9   0.399     215
    -6.3    53.4       9   0.947      61
    -8.9    52.7       9   0.926      60
    -8.5    51.9       9   0.902      59
   -10.3    51.9       9   0.881      58
    -6.2    54.7       9   0.969      57
    -0.5    53.2       9   0.926      56
    -4.5    53.3       9   0.948      55
    -2.9    56.4       9   0.936      54
    -3.2    55.3       9   0.976      53
    -6.9    56.5       9   0.933      52
    -2.2    57.2       9   0.904      51
    -6.3    58.2       9   0.867      50
    -4.4    48.5       9   0.674      87
    -2.9      59       9   0.825      49
    -1.2    60.1       9   0.698      48
     -60    -3.1      10   0.237     920
  -131.6      55      10   0.662     706
    70.1    33.9      10   0.254     475
   -52.4     4.8      10   0.299     919
   -72.5     7.9      10   0.484     916
   -59.5    13.1      10   0.275     902
   -61.5    16.3      10   0.438     900
   -87.2    14.1      10   0.235     899
  -139.1    64.1      10   0.857     732
  -135.1    60.7      10   0.788     731
  -122.6    58.8      10   0.672     729
   -71.2     8.6      10   0.343     914
  -131.8    53.3      10   0.576     709
  -139.7    59.5      10   0.809     705
  -151.5    59.6      10   0.909     704
  -156.7    58.7      10    0.86     703
  -162.7    55.2      10   0.595     702
    -150    61.2      10    0.94     700
  -147.9    64.8      10   0.948     699
  -150.1    62.3      10   0.958     698
  -155.6      63      10    0.92     697
  -161.8    60.8      10   0.814     696
  -165.4    64.5      10   0.843     695
  -151.5    66.9      10   0.931     694
  -162.6    66.9      10   0.819     693
  -156.8    71.3      10   0.499     692
   -37.6    65.6      11    0.45      71
     -22    70.5      11   0.369      70
    69.8    25.5      11   0.502     485
    61.8    25.1      11   0.348     484
    71.4    30.2      11   0.381     480
   -63.6     8.2      11   0.358     915
   -63.2     9.8      11   0.339     913
   -67.7    10.3      11   0.384     909
   -69.3    10.1      11   0.186     908
   -15.2    64.3      11   0.248      66
   -21.9    64.1      11    0.26      64
   -22.6      64      11   0.259      63
     0.4    12.1      11   0.537     687
    -1.5    12.4      11   0.636     686
    -0.1      14      11   0.888     685
     2.9    11.1      11   0.357     682
    41.9     9.6      11   0.555     679
     8.7    70.9      11   0.208      12
    -5.7    11.4      11   0.347     659
    -6.2    13.4      11   0.656     656
    -4.1    14.5      11   0.773     655
      12    13.2      11   0.919     654
     9.1    13.8      11   0.969     653
     7.1    13.5      11   0.889     652
     5.3    13.8      11   0.898     651
     2.2    13.5      11   0.855     650
    13.1    14.3      11   0.873     649
     5.3    14.9      11   0.957     648
     1.5    14.2      11   0.922     647
       8      17      11   0.902     646
    12.9    18.7      11   0.826     645
     5.5    22.8      11   0.637     643
    98.1    36.3      11   0.373     605
   -18.1    65.7      11   0.229      65
    92.7    11.7      12   0.515     514
   167.7     8.7      12   0.437     926
    92.8    24.8      12   0.595     497
    91.1    25.3      12   0.524     496
    91.6    26.1      12   0.444     495
      90      26      12   0.427     494
      95    27.5      12   0.431     492
    77.2    28.6      12   0.379     491
    79.7    29.5      12   0.469     489
    50.7    26.3      12   0.584     473
    39.2    21.7      12   0.591     472
    52.6    26.6      12   0.512     471
      35    29.6      12   0.793     466
  -159.4      22      12   0.312     921
   -89.7      21      12    0.25     890
  -101.3      21      12    0.32     889
  -106.1    28.6      12   0.324     886
    30.2    13.2      12   0.911     675
    25.3    13.6      12   0.811     674
    35.4      14      12   0.413     673
    33.5    14.4      12   0.629     672
    32.3      14      12    0.83     671
    36.4    15.5      12   0.831     670
    32.6    15.6      12   0.886     669
      34    17.7      12   0.895     668
    31.9    18.6      12   0.736     667
    37.2    19.6      12   0.537     666
    33.3    19.5      12    0.88     665
    32.8      24      12   0.782     664
    31.3    39.9      12   0.755     663
    27.2    31.3      12    0.57     662
   102.3     2.3      12   0.422     592
   101.6     3.1      12   0.404     591
    81.1     6.1      13    0.37     519
    79.9     6.9      13   0.361     518
      77     8.5      13   0.244     517
    79.3     9.3      13   0.414     515
    80.2      13      13   0.436     512
    98.9     3.6      13   0.465     930
    67.1    24.9      13   0.434     486
    69.5    31.4      13   0.267     476
   122.1     6.9      13   0.227     939
    54.1      17      13   0.455     474
   120.3    16.1      13     0.6     936
   121.6    18.4      13   0.566     935
     114     4.4      13    0.46     933
     113     3.2      13   0.374     932
   110.3     1.5      13   0.573     931
   138.1     9.5      13   0.286     929
   171.4     7.1      13   0.436     927
   -64.7    10.1      13   0.327     911
   -96.1    19.2      13   0.326     894
  -110.4    24.2      13   0.333     887
     125    11.2      13    0.31     938
   103.4    23.4      13    0.83     618
   102.7      25      13   0.769     617
    98.5      25      13    0.52     616
   102.3    27.9      13   0.616     615
    97.2    31.2      13   0.515     614
    91.1    29.7      13   0.526     613
     105    16.7      13   0.716     594
   102.1    19.9      13   0.532     593
   102.3     6.2      13   0.476     590
   100.3     5.3      13    0.27     589
    99.2    10.5      13    0.72     587
    99.9    11.8      13   0.833     586
   102.1    12.6      13   0.595     585
   102.6    13.7      13   0.869     584
   100.6    13.7      13   0.908     583
   102.1      15      13   0.912     582
   100.2    15.8      13   0.933     581
   100.3    16.8      13   0.915     580
   102.8    17.4      13   0.926     579
      99    18.8      13   0.742     578
     154    24.3      13   0.316     577
   120.7      22      13   0.582     539
   -67.4     7.9      14   0.246     917
     -67    10.6      14   0.252     910
   -92.3    14.9      14   0.227     895
   178.5      71      14   0.482     219
     148    70.6      14   0.507     218
     138      76      14    0.26     214
     166    55.2      14    0.39     408
  -170.2    57.2      14   0.608     701
    -6.1       5      14   0.239     691
    -3.2    10.3      14   0.124     689
    83.5    53.4      14    0.27     348
   166.1    62.4      14   0.908     296
   152.4    62.9      14   0.588     295
   177.6    64.8      14   0.912     294
   170.4    64.7      14   0.945     293
   160.5    65.2      14   0.853     292
   150.9    65.7      14   0.599     291
   169.8    66.2      14   0.768     290
     168    67.3      14   0.947     289
     153    67.5      14   0.572     288
   164.2    68.1      14   0.875     287
   148.2    62.8      14   0.475     280
   143.2    63.3      14   0.237     277
   143.2    66.4      14   0.402     273
   158.2       7      15   0.423     925
    64.1      27      15    0.49     483
    64.4    28.9      15    0.52     481
    66.9    30.3      15   0.437     479
    51.4    35.7      15   0.523     468
    59.6    36.3      15   0.412     467
    56.2      39      15   0.544     464
    53.9    37.5      15    0.48     463
    63.6    39.1      15   0.566     462
    69.3    41.3      15   0.599     460
   -76.4     3.6      15   0.432     906
    74.5    42.9      15   0.538     458
   110.4      20      15   0.767     627
   108.4    22.8      15   0.944     626
   116.7    23.4      15   0.877     625
   113.3    23.1      15   0.933     624
   115.9    28.6      15   0.835     623
     115    25.9      15   0.959     622
   109.7    27.5      15   0.846     621
   111.3    30.7      15   0.532     620
   106.2    38.5      15   0.583     607
    98.5    39.8      15   0.527     604
   127.7    26.2      15   0.448     575
   124.2    24.3      15   0.573     574
   120.2      23      15   0.759     538
   103.6    48.8      16    0.88     522
   100.2    49.6      16   0.663     521
    91.7      48      16   0.337     520
    88.7      50      16   0.475     447
   130.1    49.4      16   0.649     393
   116.5    50.4      16   0.827     380
   119.6    51.3      16   0.813     377
   110.5    51.3      16   0.682     376
    99.8    52.5      16   0.754     352
     2.4     6.4      16   0.387     684
     2.5       8      16   0.263     683
    39.6     0.5      16   0.185     680
   116.3    39.9      16   0.689     611
   123.5    41.7      16   0.721     610
   129.5    42.9      16   0.673     609
     112    43.7      16   0.513     606
   123.9    47.4      16   0.801     596
   119.8    49.2      16   0.875     595
   104.4    43.6      16   0.787     537
   111.9    43.7      16   0.487     536
   110.1    44.9      16   0.714     535
   106.3    45.8      16   0.869     534
   110.7    47.3      16   0.769     533
   108.2    46.5      16   0.872     532
   107.5    47.3      16   0.812     531
   102.8    46.3      16   0.943     530
   102.8    46.6      16   0.849     529
   133.4    67.6      16   0.374     270
   100.1    47.6      16   0.541     528
   101.5    47.5      16   0.883     527
    96.3    46.4      16   0.624     526
    96.9    47.8      16   0.868     525
   114.5    48.1      16   0.756     524
   106.1    48.9      16   0.652     523
    77.6      13      17   0.596     513
    83.2    17.7      17   0.308     510
   -43.1      60      17   0.524      72
      57    30.3      17   0.324     470
    51.7    32.6      17   0.584     469
   -51.8    64.2      17   0.592      68
  -157.9    21.3      17   0.333     922
   -62.3    10.6      17   0.356     912
   -52.8    68.7      17   0.556      67
   -75.5    10.5      17   0.313     905
   -61.4    10.6      17   0.313     903
   -61.1    14.6      17   0.456     901
    47.8    41.5      17   0.416     455
     -68    46.9      17   0.402     862
   -83.4    64.2      17   0.818     728
   -78.1    58.5      17   0.847     727
   -68.4    58.1      17    0.96     726
     -57    53.7      17    0.91     721
   -60.4    53.3      17   0.934     720
   -61.8    50.2      17   0.836     719
     -71    48.3      17   0.464     717
   -59.2    47.6      17   0.611     714
    34.1    12.7      17   0.338     676
    73.2     8.3      18   0.353     516
    81.2    16.2      18   0.438     511
    78.5    17.5      18   0.838     509
    73.9    18.5      18   0.867     508
    72.8    18.9      18   0.589     507
      82    19.1      18   0.727     506
      77    20.7      18   0.919     505
    70.4    20.9      18   0.389     504
    79.1    21.1      18   0.953     503
    88.3    22.5      18   0.421     502
    75.8    22.7      18   0.892     501
    69.1    22.4      18   0.477     500
    78.8    23.9      18   0.783     499
    72.6    23.1      18   0.682     498
      73    26.3      18   0.567     493
    73.2      28      18   0.367     490
    74.9    31.6      18   0.384     488
    68.7    28.3      18   0.362     482
    74.3    31.6      18   0.388     478
   123.8    13.2      18   0.513     937
   118.1     5.8      18   0.352     934
   151.9     7.5      18   0.275     924
   -99.2    19.4      18   0.381     893
    18.5     4.4      18   0.233     681
    38.8       9      18   0.402     678
   100.6     7.2      18   0.452     588
