      24    71.1       1   0.334      17
    -2.9      59       1   0.567      49
    13.5    59.4       1   0.846      38
    19.2    47.4       1   0.725     161
    43.7    49.8       1   0.535     423
      24    58.1       1   0.915     301
    34.3    61.8       1   0.839     234
     6.6    53.1       1   0.861      76
    14.4    67.3       1   0.532      20
    23.2      70       1   0.489      16
      20      50       1   0.883     160
     5.3    60.4       1   0.704      25
    10.5      59       1   0.819      31
    16.9    52.4       1   0.916     157
    14.1    57.8       1   0.894      40
    18.9    69.7       1   0.407      14
      28    57.8       1   0.915     302
    11.4    53.6       1   0.911     120
    32.3    67.1       1   0.635     223
    24.8    59.4       1   0.873     298
   -88.3    17.5       1    0.27     898
   -25.7    37.8       1   0.285     115
    27.6    47.2       1   0.738     172
    -3.2    55.3       1    0.65      53
    34.8      65       1   0.754     227
    27.5    53.9       1   0.931     308
    39.7    54.6       1   0.762     318
    14.6    53.4       1    0.93     155
     6.5    62.9       1   0.626      21
    46.7    61.2       1   0.715     238
    38.9    61.5       1   0.812     236
    25.1    54.6       1   0.925     306
       6    49.5       1   0.741      79
    16.7    49.2       1   0.792     151
     8.1    58.1       1   0.801      29
    20.2    49.1       1   0.795     154
    33.1      69       1   0.532     221
    19.2    48.6       1   0.687     153
    35.8    50.8       1   0.772     421
    38.1    63.9       1   0.738     232
   -80.1    26.7       1   0.511     735
    42.9    62.1       1   0.746     231
    30.6    56.3       1    0.91     304
    17.9    62.6       1    0.75      37
    21.3    45.8       1   0.536     174
    -6.9    56.5       1   0.559      52
    32.1    54.8       1   0.887     307
    39.9    59.3       1   0.833     310
    21.6    47.5       1    0.64     162
    -4.5    53.3       1   0.637      55
    18.2      46       1   0.667     163
    13.5    54.1       1   0.943     122
    47.6    64.8       1   0.815     230
    17.1    57.4       1   0.909      41
    19.6    66.6       1   0.645      35
    -6.3    58.2       1   0.457      50
    40.2    61.7       1    0.78     237
   -77.5    25.1       1   0.472     896
    -2.2    57.2       1   0.617      51
      13    50.4       1   0.833     137
    36.5      61       1   0.837     235
    18.3    57.7       1   0.909      42
      18    66.9       1   0.574      34
    26.7    67.4       1   0.692      44
    30.6    46.5       1   0.659     415
    29.7    45.2       1   0.629     176
    30.7    61.7       1   0.859     233
    15.2    46.2       1   0.697     166
    14.2    50.1       1   0.856     150
     4.4    50.8       1   0.775      78
    23.8    54.9       1   0.954     305
    30.5    50.4       1   0.837     412
    45.5    51.6       1   0.595     420
     9.7    52.5       1   0.906     124
    30.3      60       1   0.875     299
    23.7    52.1       1   0.937     409
    29.8    52.3       1   0.881     410
    36.3    49.9       1   0.733     422
    17.9    59.4       1     0.9      39
     8.5    51.2       1   0.823     130
    12.4    51.3       1     0.9     133
    40.5    64.5       1    0.69     228
       7    51.4       1   0.806     129
    41.3    52.8       1   0.691     320
   -89.7      21       1   0.233     890
    36.2    51.8       1   0.784     418
     8.8    58.4       1     0.8      30
    39.3    53.8       1   0.772     319
    -6.8      62       1   0.268      73
      11      51       1   0.882     136
      25    60.3       1   0.894      47
    41.7      55       1   0.769     317
    -1.2    60.1       1   0.596      48
    13.8    51.2       1   0.898     134
     9.1    62.1       1   0.705      22
    28.6    44.2       1   0.589     178
    45.8    57.9       1   0.743     311
    23.6    46.8       1   0.554     173
    12.1    54.2       1   0.924     121
      13    47.8       1   0.716     146
      44    56.3       1   0.735     313
    40.9    57.7       1   0.808     312
    20.5    44.8       1   0.576     164
      36    55.5       1   0.863     314
   -80.1    25.8       1   0.441     734
      16    45.8       1   0.699     167
     8.8    53.1       1   0.888     123
    26.1    50.6       1   0.874     411
    33.8    52.6       1   0.843     309
    16.9    51.1       1   0.903     159
    22.5    68.4       1   0.613      33
     9.6    54.5       1   0.902     118
    37.6    55.8       1   0.826     316
    23.2    53.1       1   0.939     156
      21    52.2       1    0.94     158
    -0.5    53.2       1   0.716      56
    32.9      50       1   0.795     413
      21    56.5       1   0.931     303
     5.2    52.1       1   0.828      75
    33.6    59.6       1   0.874     300
    12.1    49.1       1    0.78     139
      15      51       1   0.906     135
    10.7      60       1   0.788      32
    11.6    48.2       1   0.703     140
    -2.9    56.4       1   0.611      54
    13.2    55.7       1    0.93      43
      10    53.6       1   0.903     119
    10.9    63.5       1    0.68      24
    14.1    48.2       1   0.711     143
    18.1    49.7       1   0.847     152
    37.4    51.2       1   0.758     419
    -6.3    53.4       1   0.587      61
      24    49.8       1   0.864     414
    16.3    48.2       1   0.794     144
    -6.2    54.7       1   0.579      57
    28.2    61.1       1   0.873      46
    31.1    70.4       1   0.492      19
    13.4    52.5       1   0.912     127
     6.7    52.1       1   0.839      77
    25.7    62.2       1   0.852      45
    36.3    52.3       1   0.806     417
    25.5    69.5       1   0.533      18
    37.1    67.3       1   0.563     224
    -8.9    52.7       1   0.528      60
    12.2    51.1       1   0.905     132
     5.6    58.9       1   0.763      28
    12.5    55.7       1   0.912      74
    10.6    51.3       1   0.836     131
    14.5    63.2       1   0.692      36
    -7.3    55.4       1   0.518      62
    13.1    52.4       1   0.913     126
    26.1    44.5       1   0.576     177
     4.9    59.3       1   0.717      27
    28.7    60.7       1   0.878     239
    11.6    52.1       1   0.908     125
     9.6    63.7       1   0.653      23
    31.2    65.2       1   0.764     226
    34.3    66.7       1   0.636     225
     9.1    60.6       1   0.714      26
    14.1    52.2       1   0.915     128
   124.9    56.8       2    0.68     359
   128.9    71.6       2   0.448     216
    50.8    61.7       2   0.738     259
     114    70.1       2   0.483     217
    87.9    63.2       2   0.911     255
    65.1    63.9       2   0.752     254
    77.8    64.9       2   0.791     253
    87.9    65.8       2   0.867     251
    73.1    49.8       2   0.749     435
    86.1    55.2       2   0.885     345
    93.5    66.9       2   0.825     247
    81.9    57.1       2   0.947     341
   111.6    52.5       2   0.732     371
   113.5    52.1       2   0.678     372
    86.4    67.5       2   0.825     243
    80.3    50.4       2   0.822     448
    71.4    51.2       2   0.793     433
      98    55.9       2   0.869     344
    75.1    46.8       2   0.652     441
    56.1    45.5       2   0.554     443
    52.3    65.4       2   0.673     248
   106.5    50.4       2    0.75     378
    43.3    68.7       2   0.518     222
      48    46.3       2   0.567     428
    81.3      44       2   0.596     598
   114.1      72       2   0.433     215
    84.6    51.7       2   0.883     445
   107.6    51.8       2   0.743     375
    49.2    69.1       2   0.494     220
   113.6    54.5       2    0.75     364
    76.9    43.2       2    0.55     450
    51.9    47.1       2   0.572     439
    44.3    46.4       2   0.514     427
    58.3      38       2   0.439     465
    54.7    49.1       2   0.607     437
    60.6    56.8       2   0.814     328
    92.8      56       2   0.889     343
    68.3    58.2       2   0.899     324
    57.1    65.1       2   0.705     250
    56.2      58       2   0.858     323
    45.4    46.2       2    0.51     425
   103.6    51.5       2   0.822     374
    55.8    54.7       2   0.775     334
    69.4    56.1       2   0.895     331
    56.2      39       2   0.426     464
    50.5    53.3       2   0.607     336
    78.4    55.3       2   0.933     346
      56    53.6       2   0.706     335
    56.2    62.7       2   0.766     256
    60.9    64.3       2   0.695     252
      83    58.3       2   0.941     338
    74.5    42.9       2   0.454     458
    66.1    62.4       2   0.833     258
    53.5    56.8       2   0.704     326
    63.7    56.1       2    0.85     330
      99    54.9       2   0.829     347
    60.9    62.4       2   0.783     257
   113.1    54.6       2    0.77     365
   105.2    54.8       2   0.831     363
    62.1    45.8       2   0.564     442
    80.3    61.1       2    0.93     260
    81.2    51.5       2    0.83     444
   108.1    57.8       2   0.847     356
      90    61.6       2    0.93     261
    78.6      53       2   0.877     351
   107.6    55.2       2   0.826     361
    51.3    51.3       2   0.622     432
    68.2    43.3       2    0.51     456
    68.4    51.8       2   0.762     431
    57.2    50.3       2   0.678     434
    92.2    58.5       2   0.923     339
    60.8    66.5       2   0.693     244
    66.7    66.5       2   0.661     245
    72.9    66.7       2   0.748     246
    63.6    39.1       2   0.429     462
    56.5    60.4       2   0.778     263
    57.4    52.2       2     0.7     430
    69.3    41.3       2   0.397     460
    47.6    64.8       2    0.65     229
    97.5    58.4       2   0.877     340
     2.4     6.4       2   0.239     684
    78.2    59.2       2   0.942     337
    96.4    61.7       2    0.91     262
    51.9    49.1       2   0.598     436
    73.4      55       2   0.911     333
    61.7    46.8       2   0.568     440
    65.4    55.5       2   0.855     332
    65.7    59.6       2   0.862     321
      53      40       2   0.396     461
    65.4    57.1       2   0.884     325
    74.4    56.9       2   0.928     329
    57.8    56.7       2   0.821     327
    77.9    60.4       2   0.908     266
   118.3    56.9       2   0.778     358
   133.4    67.6       2   0.391     270
   109.6    55.8       2   0.764     360
    89.2    53.3       2   0.815     349
     109    53.4       2   0.758     366
    49.2    55.8       2   0.628     315
      69      61       2   0.874     265
    80.4    73.5       2   0.534     210
   121.6    63.8       2   0.656     276
   124.9      56       2   0.784     362
    93.5    42.8       2   0.492     603
    87.6    43.8       2   0.551     599
    88.1    47.7       2    0.76     597
    58.9    58.5       2   0.808     322
   102.5      72       2   0.571     212
    69.7    48.3       2   0.678     438
    80.4    73.5       2   0.625     213
      53    67.6       2   0.614     241
    64.6    41.7       2   0.488     459
    59.8      43       2   0.533     457
    84.9    56.5       2   0.944     342
   129.7      62       2   0.597     285
   125.3    60.8       2   0.615     284
   120.4    60.4       2   0.772     283
   125.4    58.6       2   0.799     381
   102.3    60.3       2   0.879     282
     108    61.3       2   0.873     281
    61.7    69.7       2   0.541     240
    78.7    67.5       2   0.754     242
   117.7    62.2       2   0.763     279
   108.4    62.8       2   0.837     278
    80.1    44.2       2   0.641     449
     138      76       2   0.284     214
   116.9    64.2       2   0.658     275
   104.3    52.3       2   0.811     370
   100.2    64.3       2   0.851     274
   121.8      59       2   0.795     355
   112.6    59.5       2   0.843     354
   123.4    66.8       2   0.621     272
   114.3    66.3       2   0.649     271
    91.7    53.7       2   0.694     350
   106.2    59.3       2   0.882     353
    60.5    60.7       2   0.795     264
   101.8    57.3       2   0.837     357
     124    68.7       2   0.587     269
   118.3    68.6       2   0.583     268
   112.4    68.5       2   0.551     267
    56.9      66       2   0.679     249
    46.7    48.2       2   0.545     424
   -82.6    35.4       3   0.784     772
   -85.2      35       3   0.815     774
   -86.7    36.1       3   0.876     776
     -84    35.8       3   0.777     775
     -80    36.1       3   0.813     773
   -95.9    36.2       3   0.752     779
  -101.7    35.2       3   0.499     780
   -97.6    35.4       3   0.673     778
   -94.4    35.3       3   0.812     777
     -80    37.3       3   0.875     785
   -77.4    37.5       3   0.852     784
   -96.4    42.4       3   0.764     834
   -81.6    38.4       3   0.877     787
   -81.5    37.6       3   0.812     786
   -90.5    41.5       3   0.915     830
   -80.7    35.2       3   0.792     771
   -94.7    39.3       3    0.84     800
   -92.2    46.8       3   0.689     864
   -82.6    38.4       3   0.898     791
   -96.1    19.2       3   0.248     894
   -85.7    38.2       3   0.916     790
   -84.2    39.9       3   0.942     793
   -82.9      40       3    0.93     792
   -84.6      38       3   0.913     789
   -18.8    76.8       3   0.233      69
   -92.2    38.8       3   0.904     799
   -86.3    39.7       3   0.966     796
   -82.2    34.9       3   0.755     770
   -91.1    38.8       3   0.911     795
   -81.3    28.4       3   0.486     736
   -87.6    37.8       3   0.912     794
   -84.7    39.1       3   0.944     788
   -93.4    48.6       3   0.657     865
   -81.2    32.1       3   0.663     738
     -82    33.4       3   0.692     742
   -84.4    30.4       3   0.606     740
   -88.2    30.7       3    0.66     744
    -100    37.8       3   0.622     802
   -97.9    22.2       3   0.332     888
   -84.4    46.5       3   0.676     863
   -97.4    37.7       3   0.729     801
   -90.3      30       3   0.613     746
   -71.1    42.2       3   0.756     885
   -93.2    44.9       3   0.762     855
   -88.1    44.4       3    0.81     852
   -92.5    43.9       3   0.794     851
   -86.2    43.2       3   0.881     847
   -73.2    44.5       3   0.677     846
   -70.2    43.4       3    0.66     845
   -71.5    43.2       3   0.717     844
   -83.7    32.7       3   0.686     741
   -97.7    30.3       3   0.537     753
   -97.2    31.6       3     0.5     754
   -93.8    32.5       3   0.676     750
   -93.7    41.5       3   0.841     831
   -86.3    41.7       3   0.909     828
   -85.2      41       3   0.931     827
   -95.3    29.7       3   0.529     749
   -78.7    42.9       3   0.851     823
   -81.4    40.9       3   0.916     820
   -80.2    40.5       3   0.894     819
     -76    42.2       3   0.801     815
   -71.1    42.5       3   0.738     813
   -72.7    41.9       3   0.788     812
   -71.3    41.4       3   0.795     811
   -94.8    29.3       3   0.638     748
   -81.1      34       3   0.673     769
   -99.7    32.4       3   0.507     757
   -95.6    39.1       3   0.828     803
    14.2    78.1       3   0.328     208
   -89.7    39.8       3   0.938     797
      77    79.5       3     0.3     207
  -102.2      32       3   0.285     756
    58.1    80.6       3   0.359     206
  -100.5    31.4       3   0.387     755
   -88.8    32.3       3   0.698     747
    -8.5    51.9       3   0.527      59
   -10.3    51.9       3   0.479      58
   -76.2    36.9       3   0.817     768
   -75.6    35.3       3   0.742     766
   -97.4    25.9       3   0.422     751
   -78.8    35.9       3   0.806     767
   -86.4    32.3       3   0.659     745
   -84.4    33.7       3   0.743     743
     -80    32.9       3   0.676     739
   -81.7    30.5       3   0.606     737
   -81.8    24.6       3   0.387     733
   -91.9    50.1       3   0.567     722
   -82.6    45.9       3   0.673     718
   -98.2    44.4       3   0.706     854
   -71.2    42.2       3   0.767     884
   -89.3    43.1       3   0.854     850
   -97.2    46.9       3   0.688     866
     104    77.7       3   0.305     209
   -73.9    40.8       3    0.81     810
  -101.8    33.7       3     0.4     758
  -101.7    39.4       3   0.544     804
   -75.7    41.3       3   0.791     814
   -75.4    40.7       3   0.865     816
   -73.8    42.8       3    0.75     817
   -80.2    42.1       3     0.9     822
   -80.7    41.3       3   0.911     821
   -77.7    43.1       3   0.842     824
   -87.9      42       3   0.915     825
   -89.7    40.7       3   0.933     826
   -83.5    41.6       3   0.923     829
   -98.3      41       3   0.727     832
   -97.4      42       3   0.735     833
  -100.6    41.5       3   0.664     835
     8.7    70.9       3   0.195      12
   -76.1    43.1       3   0.786     818
   -98.5    29.5       3   0.493     752
      19    74.5       3    0.33      15
    15.5    78.3       3   0.325      13
   -83.8      43       3   0.866     848
   -87.9      43       3    0.84     849
   -93.4    37.2       3   0.888     798
   -96.7    43.6       3    0.74     853
  -122.5      53       4   0.889     710
  -123.9    46.2       4   0.693     874
   -37.6    65.6       4   0.271      71
    74.8    34.1       4   0.296     487
  -124.2    40.8       4   0.487     842
   -72.5     7.9       4   0.332     916
  -114.1    47.3       4   0.547     870
   -61.5    16.3       4   0.349     900
  -108.3    46.9       4   0.777     878
  -122.3    47.5       4   0.665     876
  -122.9    47.1       4   0.611     875
  -117.5    47.6       4   0.566     873
  -120.5    46.6       4   0.543     872
  -111.4    47.5       4   0.802     871
    -112    46.6       4   0.541     869
  -106.6    48.2       4   0.808     868
  -100.8    46.8       4   0.738     867
  -122.6    45.6       4   0.452     861
    -107    44.8       4   0.648     857
  -103.1    44.1       4   0.606     856
  -131.6      55       4   0.851     706
  -139.1    64.1       4   0.866     732
  -135.1    60.7       4   0.877     731
  -122.6    58.8       4   0.786     729
  -126.6    49.4       4   0.778     725
  -127.4    50.7       4   0.839     711
  -131.8    53.3       4   0.789     709
  -114.8    55.3       4   0.868     708
  -117.2    58.6       4   0.797     707
  -139.7    59.5       4   0.854     705
  -151.5    59.6       4   0.748     704
  -156.7    58.7       4   0.591     703
  -147.9    64.8       4   0.732     699
  -155.6      63       4   0.582     697
  -165.4    64.5       4   0.439     695
     -60    -3.1       4   0.058     920
  -108.5    45.8       4    0.72     858
  -105.7    53.2       4   0.787     724
   -97.2    49.9       4   0.659     723
  -127.2    54.8       4   0.858     730
  -151.5    66.9       4   0.695     694
  -162.6    66.9       4    0.45     693
  -150.1    62.3       4     0.8     698
    -150    61.2       4    0.79     700
  -110.3    54.4       4   0.835     712
  -115.6    51.2       4    0.89     713
     9.2    48.8       5   0.745     138
  -104.3    19.1       5   0.222     891
    -5.4    36.2       5    0.76     114
     -66    18.4       5   0.357     897
   -52.4     4.8       5   0.135     919
  -101.2    19.7       5   0.227     892
    -9.1    38.7       5   0.694     117
   -16.9    32.6       5   0.457     116
    -2.4    36.9       5   0.763     113
    -5.9    37.4       5   0.785     112
    -6.8    38.9       5   0.762     111
      -1    41.7       5   0.901     104
       0      40       5   0.892     110
    -0.6    35.6       5   0.764     640
    -0.4    39.5       5   0.833     109
    -2.2    31.6       5   0.559     642
    -3.7    40.4       5   0.846     108
    -2.5    41.8       5   0.862     107
     2.8      36       5   0.754     638
    -3.6    40.5       5   0.863     106
    -5.5    40.9       5   0.843     105
    -4.7    41.7       5   0.888     103
    -3.6    42.4       5   0.917     102
    -3.8    43.5       5   0.854     101
    -8.4    43.4       5   0.747     100
     8.8    41.9       5    0.85      99
     2.9    42.7       5   0.909      98
     7.2    43.6       5    0.89      97
     5.2    43.5       5   0.929      96
    14.5    35.9       5   0.599     181
    13.8    45.7       5    0.73     180
    83.5    53.4       5   0.173     348
     1.4    43.6       5   0.948      94
     4.7    44.6       5    0.89      93
   -16.5      16       5   0.348     660
    -0.7    44.8       5   0.884      92
     5.1    47.3       5   0.801      91
    17.8    43.4       5   0.662     170
     2.4    47.1       5   0.813      90
    10.2    36.8       5   0.724     644
    16.4    43.5       5   0.684     169
     5.7    34.8       5   0.697     641
     8.1    35.5       5   0.621     639
    15.4    44.5       5   0.686     168
     2.2    36.3       5   0.803     637
     1.3    36.2       5   0.813     636
     6.6    36.3       5   0.688     635
    -1.6    47.2       5   0.692      89
     7.8    36.8       5   0.725     633
    -6.9    30.9       5    0.57     632
    -8.8    31.6       5   0.662     631
    -7.7    33.6       5   0.607     630
    -5.5    33.9       5   0.683     629
   -16.3    28.5       5   0.411     628
     7.6    48.6       5   0.724      88
    -4.4    48.5       5   0.608      87
     3.1    50.6       5     0.7      86
       4    43.6       5   0.921      95
       9      46       5   0.796      85
     7.3    46.2       5   0.853      84
     6.1    46.3       5   0.879      83
     9.4    47.3       5   0.746      82
     8.6    47.4       5   0.808      81
     7.6    47.5       5    0.81      80
    14.3    46.6       5   0.651     149
    14.3    46.7       5   0.699     148
    13.7    46.6       5   0.729     147
      13    47.1       5   0.675     145
     3.3    36.7       5   0.769     634
      11    47.8       5   0.782     142
      11    47.4       5    0.69     141
    66.9    30.3       6     0.4     479
   120.3    36.1       6   0.559     612
    79.9    37.1       6   0.457     602
    88.2      39       6   0.482     601
      76    39.5       6   0.457     600
   131.4    31.9       6   0.842     572
   130.6    31.6       6   0.831     571
   131.6    33.2       6   0.923     569
   130.4    33.6       6   0.922     568
   129.3    34.2       6   0.927     567
   135.8    33.5       6   0.897     566
   135.5    34.7       6   0.938     565
   139.8    33.1       6   0.809     564
   139.8    35.7       6   0.914     563
   138.2    34.6       6   0.935     562
   140.9    35.7       6     0.9     561
     137    35.2       6   0.945     560
   139.1    36.4       6   0.928     559
   138.1    36.4       6   0.947     558
   136.7    36.6       6   0.976     557
   129.9    32.7       6   0.923     570
   139.1    37.9       6   0.948     556
   136.9    37.4       6    0.96     555
   140.9    38.3       6   0.903     554
   140.1    39.7       6   0.893     553
   140.8    41.8       6   0.808     552
   142.8    42.2       6   0.746     551
   126.5    33.5       6   0.872     546
   127.7    34.7       6   0.889     545
   126.4    34.8       6   0.881     544
   129.4      36       6   0.906     543
   130.9    37.5       6   0.914     542
     127    37.6       6   0.837     541
   128.9    37.8       6   0.854     540
    38.2      46       7   0.528     426
    52.6    26.6       7   0.452     471
      35    29.6       7   0.742     466
    53.9    37.5       7   0.364     463
   -62.3    10.6       7   0.321     912
   -61.4    10.6       7   0.301     903
   -59.5    13.1       7   0.354     902
    47.8    41.5       7   0.601     455
    47.6    42.8       7   0.566     454
    44.6    43.1       7   0.561     453
    39.8    43.6       7   0.867     452
    39.1    44.1       7   0.833     451
      42    45.1       7   0.571     429
    34.1    44.7       7   0.724     416
    30.7    36.7       7   0.744     205
    28.4    37.2       7   0.833     204
    40.2    37.9       7   0.785     203
    38.8    37.1       7   0.847     202
    32.5    37.9       7   0.925     201
    30.6    37.8       7   0.905     200
    27.2    38.4       7    0.91     199
    30.5    38.8       7   0.956     198
    43.4    38.5       7   0.659     197
    32.9      40       7   0.928     196
    26.4    40.1       7   0.876     195
    41.3    39.9       7   0.754     194
    39.5    39.7       7   0.797     193
      37    39.8       7   0.889     192
    33.8    41.4       7   0.906     191
   -69.7    11.4       7   0.337     907
     -69    12.2       7   0.394     904
    40.5      41       7   0.891     189
    36.3    41.3       7   0.918     188
    25.2    35.3       7   0.776     187
      22    37.1       7   0.646     186
    20.9    37.8       7   0.567     185
    23.7    37.9       7   0.777     184
    23.7      38       7   0.753     183
    19.9    39.6       7   0.589     182
    51.4    35.7       7   0.451     468
    23.4    42.7       7   0.518     179
   151.9     7.5       7   0.167     924
    24.2    45.8       7     0.5     175
    37.2    19.6       7   0.481     666
    31.3    39.9       7   0.674     663
    27.2    31.3       7   0.635     662
    24.5    47.1       7   0.553     171
    19.3    43.4       7   0.517     165
    39.2    21.7       7   0.539     472
    50.7    26.3       7   0.573     473
    26.6    41.7       7   0.748     190
   158.7      53       8   0.441     407
   145.9      44       8   0.745     405
   142.7    46.9       8   0.788     404
   142.2      48       8   0.808     403
   143.1    49.2       8   0.759     402
   142.2    50.9       8   0.829     401
   143.1    51.5       8   0.791     400
   130.8    42.6       8    0.72     399
   131.9    43.1       8   0.742     398
   131.4    44.4       8   0.828     397
   136.6      45       8   0.798     396
   133.7    45.9       8   0.817     395
     131    47.7       8   0.898     394
   130.1    49.4       8    0.88     393
   132.3    50.9       8   0.776     392
   127.6    50.3       8   0.876     391
   136.5    52.4       8   0.786     390
   129.9    52.4       8   0.801     389
   140.7    53.2       8   0.761     388
     133    53.1       8   0.844     387
   134.4    54.5       8   0.824     386
   128.9    54.7       8   0.762     385
   138.2    56.5       8   0.679     384
   136.1    57.6       8    0.62     383
   143.2    59.4       8   0.218     382
   119.6    51.3       8   0.731     377
   117.7    52.3       8   0.695     373
     124      54       8   0.764     369
   119.7    53.8       8   0.741     368
    -6.1       5       8    0.16     691
    -7.4     4.4       8   0.198     690
    39.6     0.5       8   0.155     680
    37.4    12.6       8   0.256     677
   129.5    42.9       8   0.616     609
   123.9    47.4       8   0.808     596
   134.5    60.4       8   0.594     286
   145.6    43.3       8   0.713     550
   141.3    43.1       8   0.772     549
   144.3      44       8   0.725     548
   141.7    45.4       8   0.802     547
   103.6    48.8       9   0.891     522
   100.2    49.6       9    0.74     521
    88.7      50       9     0.5     447
   116.5    50.4       9   0.694     380
     112    49.6       9   0.668     379
   110.5    51.3       9     0.7     376
   109.6    53.6       9    0.67     367
    99.8    52.5       9   0.788     352
    85.6    50.3       9   0.528     446
   111.3    30.7       9   0.468     620
   113.7    34.7       9   0.522     619
   116.3    39.9       9   0.713     611
   123.5    41.7       9   0.702     610
     112    43.7       9    0.71     606
    98.5    39.8       9   0.561     604
   119.8    49.2       9    0.76     595
   104.4    43.6       9   0.785     537
   111.9    43.7       9   0.726     536
   110.1    44.9       9   0.857     535
   106.3    45.8       9   0.929     534
   110.7    47.3       9    0.79     533
   108.2    46.5       9   0.902     532
   107.5    47.3       9    0.87     531
   102.8    46.3       9   0.927     530
   102.8    46.6       9   0.882     529
   100.1    47.6       9   0.652     528
   101.5    47.5       9   0.911     527
    96.3    46.4       9   0.732     526
    96.9    47.8       9   0.818     525
   114.5    48.1       9   0.772     524
   106.1    48.9       9   0.727     523
    91.7      48      10   0.477     520
    79.3     9.3      10    0.28     515
    92.8    24.8      10   0.422     497
    74.3    31.6      10   0.306     478
    70.9    31.8      10   0.311     477
    69.5    31.4      10   0.239     476
   110.4      20      10   0.846     627
   108.4    22.8      10   0.834     626
   116.7    23.4      10   0.933     625
   113.3    23.1      10   0.873     624
   115.9    28.6      10    0.64     623
     115    25.9      10   0.831     622
   109.7    27.5      10   0.657     621
   102.3    27.9      10   0.603     615
   112.6    37.8      10   0.505     608
   106.2    38.5      10    0.62     607
    98.1    36.3      10   0.404     605
     154    24.3      10    0.41     577
   131.2    25.8      10   0.713     576
   127.7    26.2      10   0.827     575
   124.2    24.3      10   0.892     574
   129.5    28.4      10   0.826     573
     125    11.2      10   0.336     938
   120.7      22      10     0.8     539
   120.2      23      10   0.917     538
   171.4     7.1      11   0.252     927
   158.2       7      11   0.181     925
  -155.1    19.7      11   0.266     923
   -61.1     4.6      11   0.251     918
   -69.3    10.1      11    0.19     908
  -110.4    24.2      11   0.265     887
  -119.4    35.6      11   0.705     883
  -110.4    44.6      11   0.707     881
  -111.2    39.7      11   0.468     880
  -106.9    34.1      11   0.528     879
  -111.7    33.1      11   0.786     877
  -118.8    45.5      11   0.473     860
  -116.6    43.6      11   0.717     859
  -122.9    42.4      11   0.622     843
  -117.8    40.9      11   0.843     841
  -112.6    42.9      11   0.865     840
  -108.7    42.8      11   0.708     839
    -112    40.8      11   0.893     838
  -106.4    42.6      11   0.776     837
  -104.8    41.1      11   0.656     836
    52.7    72.4      11   0.367     211
  -122.4    37.6      11   0.526     809
  -119.8    39.5      11   0.731     808
  -114.9    39.3      11   0.932     807
  -121.8    38.5      11   0.633     806
  -108.7    39.2      11   0.695     805
  -119.7    36.8      11   0.678     783
  -115.2    36.1      11   0.882     782
  -106.6    35.1      11   0.616     781
  -118.2    34.1      11   0.481     765
  -117.2    32.7      11   0.546     764
  -111.7    33.2      11   0.774     763
  -110.1    31.7      11   0.578     762
  -112.9    32.4      11   0.702     761
  -110.9    32.1      11   0.785     760
  -106.4    31.8      11   0.419     759
  -120.1    39.2      11   0.787     882
   134.5     7.3      11   0.158     928
    81.1     6.1      12   0.395     519
    79.9     6.9      12   0.349     518
      77     8.5      12   0.205     517
    73.2     8.3      12   0.326     516
    77.6      13      12   0.489     513
    80.2      13      12   0.328     512
    81.2    16.2      12   0.286     511
    83.2    17.7      12     0.3     510
    78.5    17.5      12   0.511     509
      82    19.1      12   0.379     506
      77    20.7      12   0.401     505
    79.1    21.1      12   0.388     503
    88.3    22.5      12   0.284     502
    75.8    22.7      12   0.397     501
    78.8    23.9      12   0.344     499
    91.1    25.3      12   0.443     496
      73    26.3      12   0.336     493
    73.2      28      12   0.355     490
    67.1    24.9      12   0.446     486
    69.8    25.5      12   0.373     485
    61.8    25.1      12    0.24     484
   122.1     6.9      12   0.171     939
    54.1      17      12   0.357     474
   120.3    16.1      12   0.587     936
   121.6    18.4      12   0.595     935
     114     4.4      12    0.53     933
     113     3.2      12   0.534     932
   110.3     1.5      12   0.565     931
   167.7     8.7      12   0.236     926
     -67    10.6      12   0.191     910
   -76.4     3.6      12   0.336     906
   -87.2    14.1      12   0.319     899
   -99.2    19.4      12   0.262     893
   -71.2     8.6      12     0.3     914
   103.4    23.4      12     0.7     618
   102.7      25      12   0.657     617
    98.5      25      12   0.489     616
    97.2    31.2      12   0.441     614
    91.1    29.7      12   0.397     613
     105    16.7      12   0.817     594
   102.1    19.9      12   0.665     593
   102.3     2.3      12   0.358     592
   101.6     3.1      12   0.233     591
   102.3     6.2      12   0.617     590
   100.3     5.3      12   0.318     589
   100.6     7.2      12    0.62     588
    99.2    10.5      12   0.859     587
    99.9    11.8      12   0.846     586
   102.1    12.6      12   0.796     585
   102.6    13.7      12   0.898     584
   100.6    13.7      12   0.916     583
   102.1      15      12   0.957     582
   100.2    15.8      12   0.931     581
   100.3    16.8      12   0.902     580
   102.8    17.4      12   0.903     579
   118.1     5.8      12   0.477     934
      99    18.8      12   0.824     578
   123.8    13.2      12   0.459     937
    98.9     3.6      12   0.498     930
    73.9    18.5      13   0.343     508
    72.8    18.9      13   0.338     507
    70.4    20.9      13   0.271     504
    69.1    22.4      13   0.283     500
    72.6    23.1      13   0.327     498
      90      26      13   0.402     494
    77.2    28.6      13   0.215     491
    74.9    31.6      13   0.274     488
     -22    70.5      13   0.184      70
    68.7    28.3      13   0.281     482
    71.4    30.2      13   0.358     480
      57    30.3      13   0.263     470
   -63.6     8.2      13   0.335     915
   -63.2     9.8      13   0.243     913
   -64.7    10.1      13   0.336     911
   -67.7    10.3      13   0.321     909
   -15.2    64.3      13   0.204      66
   -18.1    65.7      13   0.145      65
   -21.9    64.1      13   0.162      64
   -22.6      64      13   0.174      63
     0.4    12.1      13   0.554     687
    -1.5    12.4      13   0.657     686
    -0.1      14      13   0.854     685
     2.9    11.1      13   0.429     682
    41.9     9.6      13   0.427     679
    34.1    12.7      13    0.24     676
    -5.7    11.4      13   0.441     659
    -7.5    11.4      13   0.389     658
      -8    12.5      13   0.305     657
    -6.2    13.4      13   0.636     656
    -4.1    14.5      13   0.672     655
      12    13.2      13   0.923     654
     9.1    13.8      13   0.963     653
     7.1    13.5      13   0.917     652
     5.3    13.8      13   0.893     651
     2.2    13.5      13   0.867     650
    13.1    14.3      13   0.861     649
     5.3    14.9      13   0.962     648
     1.5    14.2      13   0.916     647
       8      17      13   0.839     646
    12.9    18.7      13    0.82     645
     5.5    22.8      13   0.566     643
    92.7    11.7      14   0.385     514
    91.6    26.1      14    0.35     495
      95    27.5      14   0.373     492
    79.7    29.5      14   0.409     489
  -157.9    21.3      14   0.213     922
  -159.4      22      14   0.144     921
  -101.3      21      14   0.239     889
  -106.1    28.6      14   0.144     886
    30.2    13.2      14   0.923     675
    25.3    13.6      14   0.784     674
    35.4      14      14   0.401     673
    33.5    14.4      14    0.81     672
    32.3      14      14   0.867     671
    36.4    15.5      14   0.871     670
    32.6    15.6      14   0.952     669
      34    17.7      14   0.897     668
    31.9    18.6      14   0.664     667
    33.3    19.5      14   0.787     665
    32.8      24      14   0.604     664
   -43.1      60      15   0.578      72
    64.1      27      15    0.35     483
    64.4    28.9      15   0.357     481
    70.1    33.9      15   0.275     475
   138.1     9.5      15   0.188     929
    51.7    32.6      15   0.464     469
    59.6    36.3      15   0.485     467
   -51.8    64.2      15   0.601      68
   -52.8    68.7      15   0.452      67
   -75.5    10.5      15   0.381     905
   -61.1    14.6      15   0.458     901
     -68    46.9      15   0.673     862
   -83.4    64.2      15   0.808     728
   -78.1    58.5      15   0.881     727
   -68.4    58.1      15   0.964     726
     -57    53.7      15   0.946     721
   -60.4    53.3      15   0.967     720
   -61.8    50.2      15   0.933     719
     -71    48.3      15   0.672     717
   -66.1    43.8      15   0.417     716
     -60    43.9      15   0.421     715
   -59.2    47.6      15   0.783     714
   -17.5    14.7      15   0.363     661
   -67.4     7.9      16    0.22     917
   -92.3    14.9      16   0.183     895
   178.5      71      16   0.476     219
     148    70.6      16    0.38     218
     166    55.2      16   0.528     408
   160.8    56.3      16    0.49     406
  -162.7    55.2      16    0.36     702
  -170.2    57.2      16   0.511     701
  -161.8    60.8      16   0.438     696
  -156.8    71.3      16   0.335     692
    -3.2    10.3      16   0.204     689
    -4.3    11.2      16   0.269     688
     2.5       8      16   0.197     683
    18.5     4.4      16   0.222     681
    38.8       9      16   0.229     678
   150.8    59.6      16   0.392     297
   166.1    62.4      16   0.891     296
   152.4    62.9      16    0.57     295
   177.6    64.8      16   0.892     294
   170.4    64.7      16   0.935     293
   160.5    65.2      16   0.839     292
   150.9    65.7      16   0.546     291
   169.8    66.2      16   0.691     290
     168    67.3      16   0.921     289
     153    67.5      16   0.537     288
   164.2    68.1      16   0.886     287
   148.2    62.8      16   0.479     280
   143.2    63.3      16   0.379     277
   143.2    66.4      16   0.293     273
