     4.9    59.3       1   0.655      27
    24.5    47.1       1   0.522     171
    16.9    52.4       1   0.925     157
     5.2    52.1       1   0.821      75
    26.1    44.5       1    0.63     177
      11    47.4       1   0.537     141
     8.1    58.1       1    0.71      29
    35.8    50.8       1   0.734     421
    25.5    69.5       1   0.464      18
    14.1    48.2       1   0.749     143
    13.7    46.6       1   0.571     147
    26.7    67.4       1    0.68      44
    18.2      46       1   0.727     163
    36.2    51.8       1   0.741     418
    34.8      65       1   0.737     227
    16.9    51.1       1    0.92     159
      11    47.8       1   0.676     142
      21    56.5       1   0.919     303
     8.5    51.2       1   0.786     130
     7.6    48.6       1   0.702      88
    31.1    70.4       1   0.502      19
    33.8    52.6       1    0.81     309
      16    45.8       1   0.756     167
    26.1    50.6       1   0.889     411
      21    52.2       1   0.958     158
    28.7    60.7       1   0.866     239
      15      51       1   0.913     135
    36.5      61       1   0.823     235
    36.3    52.3       1   0.763     417
   -25.7    37.8       1   0.383     115
    34.3    61.8       1   0.809     234
    14.1    57.8       1    0.84      40
    13.5    54.1       1   0.932     122
    15.4    44.5       1   0.579     168
    30.7    61.7       1   0.848     233
    40.5    64.5       1   0.692     228
    36.3    49.9       1   0.676     422
    37.4    51.2       1   0.706     419
    39.7    54.6       1   0.707     318
    33.1      69       1   0.512     221
    42.9    62.1       1   0.741     231
    29.8    52.3       1   0.874     410
    16.7    49.2       1   0.841     151
     9.2    48.8       1   0.728     138
     9.1    60.6       1   0.628      26
      44    56.3       1    0.69     313
    12.1    49.1       1   0.778     139
    30.6    56.3       1   0.913     304
     5.6    58.9       1   0.685      28
     9.6    63.7       1   0.569      23
      18    66.9       1   0.489      34
    23.7    52.1       1    0.94     409
    13.8    51.2       1   0.907     134
   -77.5    25.1       1   0.471     896
    -6.3    53.4       1   0.596      61
    11.6    52.1       1   0.899     125
    29.7    45.2       1   0.615     176
    41.3    52.8       1    0.61     320
    23.8    54.9       1   0.947     305
    11.4    53.6       1   0.898     120
    19.6    66.6       1   0.553      35
    21.3    45.8       1   0.623     174
     6.5    62.9       1   0.575      21
    23.2    53.1       1   0.954     156
    17.1    57.4       1   0.897      41
    30.5    50.4       1   0.807     412
    27.6    47.2       1   0.756     172
     8.8    58.4       1   0.714      30
     9.7    52.5       1     0.9     124
     6.6    53.1       1    0.86      76
    18.9    69.7       1   0.409      14
    14.4    67.3       1   0.475      20
    -4.5    53.3       1   0.648      55
    41.7      55       1   0.721     317
    38.1    63.9       1   0.718     232
    17.9    59.4       1   0.868      39
    17.9    62.6       1   0.697      37
      36    55.5       1   0.839     314
  -106.1    28.6       1   0.092     886
    12.1    54.2       1   0.915     121
    47.6    64.8       1     0.8     230
    30.6    46.5       1   0.645     415
    32.3    67.1       1   0.651     223
    37.6    55.8       1   0.791     316
    14.6    53.4       1   0.926     155
    -8.9    52.7       1    0.59      60
    13.1    52.4       1   0.904     126
    28.2    61.1       1   0.867      46
      20      50       1   0.907     160
    23.2      70       1    0.45      16
    25.1    54.6       1   0.948     306
    -1.2    60.1       1   0.562      48
      13    47.8       1   0.695     146
    22.5    68.4       1   0.547      33
    25.7    62.2       1    0.83      45
    45.8    57.9       1   0.715     311
    12.5    55.7       1   0.899      74
    28.6    44.2       1   0.607     178
      13    50.4       1   0.858     137
    14.3    46.6       1   0.677     149
    14.3    46.7       1   0.629     148
     6.7    52.1       1   0.827      77
      11      51       1   0.873     136
     5.3    60.4       1   0.643      25
    21.6    47.5       1    0.68     162
    12.4    51.3       1   0.902     133
     7.6    47.5       1   0.667      80
    15.2    46.2       1   0.751     166
    14.2    50.1       1   0.851     150
       6    49.5       1   0.697      79
    40.9    57.7       1   0.772     312
      24    58.1       1   0.895     301
      13    47.1       1   0.552     145
    18.3    57.7       1   0.895      42
    32.9      50       1   0.743     413
    24.2    45.8       1   0.518     175
    10.7      60       1    0.72      32
    34.3    66.7       1   0.637     225
    10.6    51.3       1   0.824     131
       7    51.4       1    0.77     129
    20.2    49.1       1   0.822     154
     4.4    50.8       1   0.765      78
      25    60.3       1   0.882      47
    30.3      60       1    0.85     299
      24    49.8       1   0.868     414
      28    57.8       1   0.923     302
    -6.2    54.7       1     0.6      57
    23.4    42.7       1   0.461     179
    14.5    63.2       1   0.616      36
    38.9    61.5       1   0.801     236
    13.4    52.5       1   0.909     127
    14.1    52.2       1   0.909     128
    19.2    47.4       1   0.771     161
    -3.2    55.3       1    0.65      53
    31.2    65.2       1   0.751     226
    32.1    54.8       1   0.851     307
    39.9    59.3       1   0.823     310
    13.8    45.7       1   0.662     180
     9.6    54.5       1   0.879     118
    46.7    61.2       1   0.712     238
      10    53.6       1   0.893     119
    37.1    67.3       1   0.546     224
    12.2    51.1       1   0.902     132
    27.5    53.9       1   0.931     308
     8.8    53.1       1   0.876     123
    13.5    59.4       1   0.793      38
     9.1    62.1       1   0.606      22
    16.3    48.2       1     0.8     144
    39.3    53.8       1   0.717     319
    -0.5    53.2       1   0.702      56
    40.2    61.7       1   0.755     237
    20.5    44.8       1   0.686     164
    33.6    59.6       1   0.859     300
    24.8    59.4       1   0.879     298
    18.1    49.7       1   0.883     152
    19.2    48.6       1    0.76     153
    13.2    55.7       1   0.918      43
      24    71.1       1   0.413      17
    10.5      59       1   0.733      31
    23.6    46.8       1   0.595     173
    11.6    48.2       1    0.72     140
    10.9    63.5       1   0.564      24
    -2.9      59       1   0.529      49
   138.2    56.5       2   0.558     384
    56.5    60.4       2   0.822     263
   128.9    54.7       2   0.653     385
    80.3    61.1       2   0.958     260
    50.8    61.7       2   0.749     259
   136.1    57.6       2   0.522     383
   178.5      71       2   0.272     219
     133    53.1       2   0.594     387
    49.2    69.1       2   0.514     220
    77.8    64.9       2   0.852     253
    60.9    64.3       2   0.774     252
    87.9    65.8       2   0.921     251
    68.4    51.8       2   0.803     431
    52.3    65.4       2    0.71     248
    93.5    66.9       2   0.879     247
    66.7    66.5       2   0.723     245
   123.4    66.8       2   0.569     272
    86.4    67.5       2   0.891     243
     138      76       2   0.368     214
   129.9    52.4       2   0.639     389
   100.2    64.3       2   0.894     274
    74.4    56.9       2   0.945     329
   114.1      72       2   0.556     215
    91.7    53.7       2   0.638     350
    71.4    51.2       2    0.83     433
   113.6    54.5       2   0.828     364
    80.4    73.5       2   0.686     213
     109    53.4       2   0.733     366
   121.6    63.8       2   0.601     276
    84.6    51.7       2   0.885     445
   119.7    53.8       2   0.782     368
    80.3    50.4       2   0.813     448
    65.1    63.9       2   0.816     254
    57.1    65.1       2   0.774     250
  -159.4      22       2   0.249     921
    56.9      66       2   0.733     249
   108.4    62.8       2    0.86     278
    56.2    62.7       2   0.804     256
    61.7    69.7       2    0.59     240
   121.8      59       2   0.814     355
   124.9      56       2   0.839     362
     124      54       2   0.799     369
   112.6    59.5       2   0.871     354
    87.9    63.2       2    0.95     255
   101.8    57.3       2   0.813     357
      83    58.3       2   0.967     338
    81.9    57.1       2   0.964     341
     112    49.6       2   0.622     379
     108    61.3       2   0.907     281
    92.2    58.5       2    0.94     339
   116.5    50.4       2   0.531     380
   118.3    56.9       2    0.77     358
   102.3    60.3       2   0.919     282
    84.9    56.5       2   0.956     342
   106.5    50.4       2    0.71     378
    53.5    56.8       2   0.738     326
    58.9    58.5       2   0.838     322
    65.7    59.6       2   0.878     321
   113.1    54.6       2   0.823     365
    97.5    58.4       2   0.886     340
   105.2    54.8       2   0.821     363
   129.7      62       2    0.51     285
   108.1    57.8       2   0.845     356
    60.5    60.7       2   0.857     264
    -7.4     4.4       2   0.174     690
   127.6    50.3       2   0.604     391
   125.3    60.8       2   0.632     284
   119.6    51.3       2   0.671     377
    78.4    55.3       2   0.934     346
    86.1    55.2       2   0.887     345
    72.9    66.7       2   0.818     246
   134.5    60.4       2   0.479     286
    78.6      53       2     0.9     351
     148    70.6       2   0.353     218
    89.2    53.3       2   0.802     349
      99    54.9       2   0.809     347
   124.9    56.8       2   0.624     359
      98    55.9       2   0.875     344
    92.8      56       2   0.899     343
     153    67.5       2   0.213     288
      53    67.6       2   0.657     241
    60.9    62.4       2   0.832     257
    66.1    62.4       2   0.857     258
     2.4     6.4       2   0.108     684
    78.2    59.2       2   0.958     337
      90    61.6       2   0.964     261
    96.4    61.7       2   0.937     262
    73.4      55       2   0.925     333
    65.4    55.5       2   0.883     332
      69      61       2   0.904     265
    77.9    60.4       2   0.949     266
    69.4    56.1       2   0.917     331
    68.3    58.2       2   0.914     324
    63.7    56.1       2   0.865     330
    57.8    56.7       2   0.843     327
      77    79.5       2   0.233     207
    56.2      58       2   0.865     323
   109.6    55.8       2   0.785     360
    47.6    64.8       2   0.662     229
    81.2    51.5       2   0.841     444
   117.7    52.3       2   0.648     373
   106.2    59.3       2   0.904     353
    80.4    73.5       2   0.615     210
    93.5    42.8       2   0.413     603
   107.6    51.8       2   0.741     375
   125.4    58.6       2   0.799     381
   103.6    51.5       2   0.847     374
     114    70.1       2   0.567     217
   102.5      72       2   0.658     212
   110.5    51.3       2   0.742     376
   113.5    52.1       2   0.689     372
     104    77.7       2   0.436     209
    65.4    57.1       2   0.901     325
   104.3    52.3       2   0.782     370
    43.3    68.7       2   0.515     222
    78.7    67.5       2   0.823     242
   120.4    60.4       2   0.775     283
   143.2    59.4       2   0.183     382
   111.6    52.5       2   0.746     371
    60.6    56.8       2   0.845     328
    60.8    66.5       2   0.759     244
   117.7    62.2       2   0.775     279
   116.9    64.2       2   0.669     275
   128.9    71.6       2   0.483     216
   114.3    66.3       2   0.693     271
   133.4    67.6       2    0.31     270
     124    68.7       2   0.493     269
   123.9    47.4       2   0.574     596
    88.1    47.7       2   0.747     597
   150.9    65.7       2   0.198     291
   118.3    68.6       2   0.607     268
   112.4    68.5       2   0.525     267
   107.6    55.2       2    0.83     361
  -101.8    33.7       3   0.509     758
  -102.2      32       3   0.422     756
    -6.8      62       3   0.347      73
   -70.2    43.4       3   0.391     845
   -97.2    31.6       3   0.558     754
   -18.1    65.7       3    0.33      65
   -83.8      43       3   0.774     848
   -88.1    44.4       3   0.642     852
   -89.3    43.1       3   0.709     850
   -15.2    64.3       3   0.321      66
   -10.3    51.9       3   0.528      58
   -18.8    76.8       3   0.225      69
   -93.2    44.9       3    0.56     855
   -87.9      43       3   0.684     849
   -76.2    36.9       3   0.796     768
   -82.6    35.4       3   0.799     772
   -75.6    35.3       3   0.787     766
    -6.3    58.2       3   0.516      50
   -85.2      35       3   0.853     774
   -97.9    22.2       3   0.396     888
     -80    36.1       3   0.818     773
    -7.3    55.4       3   0.595      62
   -92.3    14.9       3   0.244     895
   -96.1    19.2       3   0.296     894
   -71.1    42.2       3    0.65     885
   -71.2    42.2       3   0.576     884
  -101.7    39.4       3   0.504     804
   -96.7    43.6       3   0.602     853
   -84.6      38       3   0.917     789
   -86.7    36.1       3   0.902     776
   -92.5    43.9       3   0.595     851
   -86.2    43.2       3   0.789     847
   -22.6      64       3   0.134      63
   -71.5    43.2       3   0.522     844
   -80.1    25.8       3   0.482     734
   -93.7    41.5       3   0.731     831
   -83.5    41.6       3   0.875     829
   -85.2      41       3   0.876     827
   -78.7    42.9       3   0.768     823
   -81.4    40.9       3   0.901     820
   -80.2    40.5       3   0.863     819
     -76    42.2       3   0.628     815
   -71.1    42.5       3   0.576     813
   -72.7    41.9       3   0.624     812
   -71.3    41.4       3   0.669     811
   -81.2    32.1       3   0.723     738
   -98.5    29.5       3   0.608     752
   -95.6    39.1       3   0.748     803
    14.2    78.1       3   0.454     208
   -89.7    39.8       3   0.915     797
   -91.1    38.8       3   0.881     795
    58.1    80.6       3   0.433     206
     -84    35.8       3   0.795     775
    -8.5    51.9       3   0.583      59
   -73.2    44.5       3   0.537     846
   -88.2    30.7       3   0.745     744
   -80.7    35.2       3   0.823     771
   -90.3      30       3   0.698     746
   -78.8    35.9       3   0.837     767
   -94.8    29.3       3   0.666     748
   134.4    54.5       3   0.583     386
  -100.5    31.4       3   0.468     755
   -97.6    35.4       3    0.68     778
   -97.4    25.9       3   0.477     751
   -95.3    29.7       3   0.626     749
   -88.8    32.3       3   0.757     747
    -2.2    57.2       3   0.592      51
   -86.4    32.3       3   0.726     745
   -84.4    33.7       3   0.791     743
   -83.7    32.7       3   0.778     741
     -80    32.9       3   0.701     739
     -82    33.4       3    0.76     742
   -81.7    30.5       3   0.656     737
   -97.7    30.3       3   0.585     753
   -81.3    28.4       3   0.516     736
   -99.7    32.4       3   0.606     757
   -80.1    26.7       3   0.532     735
   -81.8    24.6       3   0.427     733
    -6.9    56.5       3   0.581      52
   -82.6    45.9       3   0.546     718
    -3.2    10.3       3   0.178     689
   -95.9    36.2       3   0.722     779
   -73.9    40.8       3    0.73     810
   -84.4    46.5       3   0.427     863
   -21.9    64.1       3   0.179      64
  -101.7    35.2       3    0.57     780
     8.7    70.9       3   0.243      12
   -97.4    37.7       3   0.626     801
   -75.7    41.3       3   0.695     814
   -84.7    39.1       3   0.946     788
   -81.6    38.4       3   0.878     787
   -76.1    43.1       3    0.69     818
   -81.5    37.6       3   0.871     786
     -80    37.3       3     0.9     785
   -85.7    38.2       3   0.932     790
   -77.4    37.5       3   0.853     784
   -87.6    37.8       3   0.939     794
   -84.2    39.9       3   0.922     793
   -82.9      40       3   0.915     792
   -82.6    38.4       3   0.911     791
   -84.4    30.4       3   0.699     740
   -94.7    39.3       3   0.757     800
    -100    37.8       3   0.554     802
   -92.2    38.8       3   0.874     799
   -75.4    40.7       3   0.783     816
   -73.8    42.8       3   0.583     817
   -93.4    37.2       3   0.865     798
   -80.7    41.3       3   0.872     821
   -77.7    43.1       3   0.755     824
   -87.9      42       3   0.848     825
   -86.3    39.7       3   0.957     796
   -82.2    34.9       3   0.797     770
   -98.3      41       3   0.601     832
   -97.4      42       3   0.635     833
   -81.1      34       3   0.749     769
    -2.9    56.4       3    0.63      54
   -93.8    32.5       3   0.715     750
   -80.2    42.1       3   0.878     822
   -94.4    35.3       3   0.864     777
      19    74.5       3   0.478      15
   -86.3    41.7       3   0.858     828
   -90.5    41.5       3   0.855     830
   -89.7    40.7       3   0.895     826
  -100.6    41.5       3   0.608     835
   -96.4    42.4       3   0.626     834
    15.5    78.3       3   0.453      13
    91.7      48       4   0.493     520
    70.9    31.8       4   0.284     477
   108.4    22.8       4   0.649     626
   138.2    34.6       4    0.94     562
   135.8    33.5       4   0.937     566
     125    11.2       4   0.421     938
   116.7    23.4       4   0.686     625
   113.3    23.1       4   0.621     624
   115.9    28.6       4   0.563     623
     115    25.9       4   0.609     622
   109.7    27.5       4   0.483     621
   129.5    42.9       4   0.535     609
   112.6    37.8       4    0.48     608
    98.1    36.3       4    0.42     605
    79.9    37.1       4   0.455     602
      76    39.5       4   0.409     600
     154    24.3       4   0.498     577
   131.2    25.8       4   0.757     576
   127.7    26.2       4   0.797     575
   124.2    24.3       4   0.767     574
   129.5    28.4       4   0.871     573
   131.4    31.9       4   0.945     572
   130.6    31.6       4   0.943     571
   131.6    33.2       4   0.958     569
   130.4    33.6       4   0.931     568
   129.3    34.2       4   0.932     567
   135.5    34.7       4   0.917     565
   139.8    33.1       4   0.913     564
   139.8    35.7       4   0.851     563
   140.9    35.7       4   0.879     561
     137    35.2       4   0.932     560
   139.1    36.4       4   0.905     559
   138.1    36.4       4   0.915     558
   136.7    36.6       4   0.958     557
   139.1    37.9       4   0.882     556
   136.9    37.4       4   0.914     555
   126.5    33.5       4   0.889     546
   140.9    38.3       4   0.803     554
   140.1    39.7       4   0.809     553
   127.7    34.7       4   0.904     545
   126.4    34.8       4   0.815     544
   129.4      36       4    0.88     543
   130.9    37.5       4   0.897     542
     127    37.6       4   0.897     541
   128.9    37.8       4   0.801     540
   -88.3    17.5       4   0.248     898
   129.9    32.7       4    0.97     570
    73.2     8.3       5   0.369     516
      77    20.7       5   0.392     505
    79.1    21.1       5   0.293     503
  -124.2    40.8       5   0.576     842
    74.8    34.1       5   0.262     487
   -97.2    49.9       5   0.608     723
  -108.3    46.9       5   0.775     878
  -122.9    47.1       5   0.671     875
  -111.4    47.5       5    0.83     871
  -100.8    46.8       5   0.697     867
   -92.2    46.8       5   0.417     864
    -107    44.8       5    0.65     857
  -103.1    44.1       5   0.583     856
   -98.2    44.4       5   0.549     854
  -105.7    53.2       5   0.817     724
  -139.1    64.1       5   0.884     732
  -127.2    54.8       5   0.904     730
  -161.8    60.8       5   0.432     696
  -151.5    66.9       5   0.754     694
    -150    61.2       5   0.821     700
  -150.1    62.3       5   0.837     698
  -162.6    66.9       5   0.508     693
  -131.6      55       5   0.897     706
  -151.5    59.6       5   0.777     704
  -135.1    60.7       5    0.87     731
  -122.6    58.8       5   0.797     729
  -126.6    49.4       5   0.847     725
  -115.6    51.2       5   0.926     713
  -127.4    50.7       5   0.905     711
  -131.8    53.3       5   0.855     709
  -117.2    58.6       5   0.808     707
  -139.7    59.5       5   0.882     705
  -156.7    58.7       5   0.665     703
  -147.9    64.8       5   0.799     699
  -155.6      63       5    0.63     697
  -165.4    64.5       5   0.499     695
  -122.6    45.6       5   0.519     861
  -106.6    48.2       5   0.822     868
   134.5     7.3       5    0.18     928
   -93.4    48.6       5   0.436     865
   -97.2    46.9       5   0.633     866
  -114.8    55.3       5   0.896     708
  -114.1    47.3       5   0.576     870
  -123.9    46.2       5   0.702     874
  -120.5    46.6       5   0.564     872
    -112    46.6       5   0.567     869
  -122.3    47.5       5   0.691     876
  -122.5      53       5   0.923     710
  -110.3    54.4       5   0.854     712
  -108.5    45.8       5   0.753     858
    83.2    17.7       6    0.28     510
   171.4     7.1       6   0.252     927
       0      40       6   0.903     110
    -5.4    36.2       6   0.862     114
    -5.5    40.9       6   0.865     105
     -66    18.4       6    0.41     897
  -104.3    19.1       6   0.332     891
    -9.1    38.7       6   0.768     117
   -16.9    32.6       6   0.327     116
    -2.4    36.9       6   0.858     113
    -5.9    37.4       6   0.792     112
    -6.8    38.9       6   0.789     111
    -0.4    39.5       6   0.896     109
    -3.7    40.4       6   0.829     108
    -3.6    40.5       6   0.857     106
      -1    41.7       6   0.909     104
    -4.7    41.7       6   0.901     103
    -3.6    42.4       6   0.921     102
    -3.8    43.5       6   0.899     101
    -8.4    43.4       6    0.75     100
     8.8    41.9       6   0.802      99
     2.9    42.7       6   0.867      98
    20.9    37.8       6   0.488     185
     7.2    43.6       6    0.78      97
    19.9    39.6       6   0.426     182
    14.5    35.9       6   0.595     181
     5.2    43.5       6   0.845      96
    83.5    53.4       6   0.357     348
       4    43.6       6   0.844      95
   151.9     7.5       6   0.198     924
    39.6     0.5       6   0.168     680
     1.4    43.6       6   0.901      94
     4.7    44.6       6   0.775      93
    -0.7    44.8       6   0.811      92
     5.1    47.3       6    0.71      91
     2.8      36       6   0.761     638
     3.3    36.7       6   0.853     634
    17.8    43.4       6   0.574     170
     2.4    47.1       6   0.742      90
    10.2    36.8       6   0.737     644
    16.4    43.5       6   0.573     169
     5.7    34.8       6    0.76     641
    -0.6    35.6       6   0.867     640
     8.1    35.5       6   0.709     639
     2.2    36.3       6   0.818     637
     1.3    36.2       6   0.904     636
     6.6    36.3       6   0.769     635
    -1.6    47.2       6   0.664      89
     7.8    36.8       6   0.776     633
    -6.9    30.9       6   0.718     632
    -8.8    31.6       6   0.801     631
    -7.7    33.6       6   0.735     630
    -5.5    33.9       6   0.848     629
   -16.3    28.5       6   0.357     628
    19.3    43.4       6    0.45     165
    -4.4    48.5       6   0.572      87
     3.1    50.6       6   0.719      86
       9      46       6   0.626      85
     7.3    46.2       6   0.707      84
     6.1    46.3       6   0.749      83
    -2.2    31.6       6   0.696     642
     9.4    47.3       6    0.58      82
     8.6    47.4       6    0.65      81
    -2.5    41.8       6   0.845     107
    45.4    46.2       7   0.862     425
    81.2    16.2       7   0.273     511
    63.6    39.1       7   0.852     462
    38.2      46       7   0.716     426
    56.2      39       7   0.846     464
    58.3      38       7   0.856     465
    53.9    37.5       7   0.744     463
   -63.2     9.8       7   0.318     913
    69.3    41.3       7   0.812     460
    47.8    41.5       7   0.784     455
    47.6    42.8       7   0.774     454
    44.6    43.1       7   0.799     453
    76.9    43.2       7   0.816     450
    80.1    44.2       7   0.816     449
    56.1    45.5       7    0.92     443
    62.1    45.8       7   0.871     442
    75.1    46.8       7   0.794     441
    61.7    46.8       7   0.902     440
    51.9    47.1       7   0.911     439
    69.7    48.3       7   0.847     438
    54.7    49.1       7    0.97     437
    51.9    49.1       7   0.951     436
    73.1    49.8       7   0.805     435
    57.2    50.3       7   0.935     434
    51.3    51.3       7   0.872     432
    57.4    52.2       7   0.856     430
      42    45.1       7   0.774     429
      48    46.3       7   0.921     428
    44.3    46.4       7   0.832     427
    46.7    48.2       7   0.889     424
    43.7    49.8       7   0.753     423
    45.5    51.6       7    0.74     420
    59.8      43       7   0.883     457
    64.6    41.7       7   0.852     459
    68.2    43.3       7   0.867     456
    74.5    42.9       7   0.793     458
  -156.8    71.3       7   0.304     692
      53      40       7   0.883     461
    50.5    53.3       7   0.754     336
      56    53.6       7   0.845     335
    55.8    54.7       7   0.853     334
    59.6    36.3       7   0.632     467
    49.2    55.8       7   0.684     315
    88.2      39       7   0.437     601
    87.6    43.8       7   0.595     599
    81.3      44       7   0.857     598
   177.6    64.8       7   0.254     294
   170.4    64.7       7   0.232     293
     168    67.3       7   0.149     289
      35    29.6       8   0.647     466
   -62.3    10.6       8   0.374     912
   -69.7    11.4       8   0.467     907
   -75.5    10.5       8   0.414     905
   -61.4    10.6       8   0.491     903
   -59.5    13.1       8   0.498     902
   -61.1    14.6       8   0.557     901
    39.8    43.6       8   0.916     452
    39.1    44.1       8   0.898     451
    34.1    44.7       8   0.786     416
    30.7    36.7       8   0.518     205
    28.4    37.2       8   0.737     204
    40.2    37.9       8   0.864     203
    38.8    37.1       8   0.856     202
    32.5    37.9       8   0.934     201
    30.6    37.8       8   0.864     200
    27.2    38.4       8   0.864     199
    30.5    38.8       8    0.96     198
    43.4    38.5       8   0.794     197
    32.9      40       8   0.948     196
    26.4    40.1       8   0.833     195
    41.3    39.9       8    0.87     194
    39.5    39.7       8   0.922     193
      37    39.8       8   0.949     192
    33.8    41.4       8   0.947     191
    26.6    41.7       8   0.654     190
     -69    12.2       8   0.533     904
    40.5      41       8   0.928     189
    36.3    41.3       8   0.927     188
    25.2    35.3       8   0.659     187
      22    37.1       8   0.442     186
    23.7    37.9       8   0.617     184
  -162.7    55.2       8     0.3     702
  -170.2    57.2       8   0.236     701
    23.7      38       8   0.606     183
    39.2    21.7       8   0.499     472
    50.7    26.3       8   0.549     473
    31.3    39.9       8   0.563     663
    27.2    31.3       8   0.495     662
   -16.5      16       8   0.409     660
    51.4    35.7       8   0.604     468
   -61.1     4.6       9   0.408     918
   158.2       7       9    0.21     925
   -67.4     7.9       9   0.301     917
   -69.3    10.1       9   0.196     908
   145.9      44       9   0.866     405
   142.7    46.9       9   0.861     404
   142.2      48       9   0.886     403
   143.1    49.2       9   0.738     402
   142.2    50.9       9   0.792     401
   143.1    51.5       9   0.715     400
   130.8    42.6       9   0.693     399
   131.9    43.1       9   0.695     398
   131.4    44.4       9   0.771     397
   136.6      45       9   0.871     396
   133.7    45.9       9   0.745     395
     131    47.7       9   0.776     394
   130.1    49.4       9   0.645     393
   132.3    50.9       9   0.598     392
   136.5    52.4       9   0.644     390
   140.7    53.2       9   0.524     388
    -6.1       5       9   0.201     691
     2.5       8       9   0.212     683
   140.8    41.8       9   0.854     552
   142.8    42.2       9   0.848     551
   145.6    43.3       9   0.889     550
   141.3    43.1       9   0.911     549
   144.3      44       9   0.917     548
   141.7    45.4       9   0.913     547
  -155.1    19.7      10   0.425     923
  -110.4    24.2      10   0.157     887
  -119.4    35.6      10   0.796     883
  -110.4    44.6      10   0.719     881
  -111.2    39.7      10   0.579     880
  -106.9    34.1      10   0.468     879
  -111.7    33.1      10   0.755     877
  -117.5    47.6      10   0.591     873
  -118.8    45.5      10   0.533     860
  -116.6    43.6      10   0.791     859
  -122.9    42.4      10   0.696     843
  -117.8    40.9      10   0.881     841
  -112.6    42.9      10   0.862     840
  -108.7    42.8      10   0.623     839
    -112    40.8      10   0.842     838
  -106.4    42.6      10   0.695     837
  -104.8    41.1      10   0.526     836
    52.7    72.4      10   0.475     211
  -122.4    37.6      10   0.708     809
  -119.8    39.5      10   0.854     808
  -114.9    39.3      10   0.955     807
  -121.8    38.5      10   0.749     806
  -108.7    39.2      10   0.621     805
     166    55.2      10   0.395     408
   158.7      53      10   0.362     407
  -119.7    36.8      10   0.729     783
  -115.2    36.1      10    0.86     782
  -106.6    35.1      10   0.577     781
  -118.2    34.1      10   0.705     765
  -117.2    32.7      10   0.686     764
  -111.7    33.2      10   0.827     763
  -110.1    31.7      10   0.599     762
  -112.9    32.4      10   0.713     761
  -110.9    32.1      10   0.793     760
  -106.4    31.8      10   0.294     759
  -120.1    39.2      10   0.836     882
   150.8    59.6      10    0.26     297
   166.1    62.4      10   0.272     296
    81.1     6.1      11   0.422     519
    79.9     6.9      11    0.36     518
    79.3     9.3      11   0.332     515
    92.7    11.7      11   0.328     514
    77.6      13      11   0.502     513
    80.2      13      11    0.34     512
    78.5    17.5      11   0.447     509
    88.3    22.5      11   0.285     502
    92.8    24.8      11   0.528     497
    91.1    25.3      11    0.48     496
   122.1     6.9      11   0.362     939
   123.8    13.2      11   0.257     937
   121.6    18.4      11   0.641     935
     114     4.4      11   0.568     933
     113     3.2      11   0.578     932
   110.3     1.5      11   0.618     931
   167.7     8.7      11   0.175     926
     -60    -3.1      11   0.076     920
   -52.4     4.8      11   0.216     919
   -72.5     7.9      11   0.376     916
   -71.2     8.6      11    0.32     914
     -67    10.6      11    0.44     910
   -76.4     3.6      11   0.385     906
   -61.5    16.3      11   0.466     900
   -87.2    14.1      11   0.401     899
   118.1     5.8      11   0.513     934
   120.3    16.1      11   0.524     936
    98.9     3.6      11   0.516     930
   110.4      20      11   0.636     627
   103.4    23.4      11   0.849     618
   102.7      25      11   0.769     617
    98.5      25      11   0.622     616
   102.3    27.9      11   0.673     615
    97.2    31.2      11   0.454     614
     105    16.7      11   0.918     594
   102.1    19.9      11   0.721     593
   102.3     2.3      11   0.457     592
   101.6     3.1      11   0.425     591
   102.3     6.2      11   0.604     590
   100.6     7.2      11   0.623     588
    99.2    10.5      11   0.842     587
    99.9    11.8      11    0.76     586
   102.1    12.6      11   0.831     585
   102.6    13.7      11   0.842     584
   100.6    13.7      11   0.926     583
   102.1      15      11   0.939     582
   100.2    15.8      11   0.886     581
   100.3    16.8      11   0.914     580
   102.8    17.4      11   0.944     579
      99    18.8      11   0.724     578
   120.7      22      11   0.649     539
   120.2      23      11   0.668     538
   103.6    48.8      12   0.841     522
   100.2    49.6      12   0.733     521
    73.2      28      12   0.268     490
    88.7      50      12   0.424     447
    85.6    50.3      12   0.503     446
   109.6    53.6      12   0.629     367
    99.8    52.5      12   0.708     352
   111.3    30.7      12   0.535     620
   113.7    34.7      12   0.545     619
   120.3    36.1      12   0.565     612
   116.3    39.9      12   0.741     611
   123.5    41.7      12   0.672     610
   106.2    38.5      12   0.619     607
     112    43.7      12   0.766     606
    98.5    39.8      12   0.632     604
   119.8    49.2      12   0.672     595
   160.5    65.2      12   0.237     292
   169.8    66.2      12   0.167     290
   104.4    43.6      12   0.766     537
   111.9    43.7      12   0.799     536
   110.1    44.9      12   0.952     535
   106.3    45.8      12   0.944     534
   110.7    47.3      12   0.681     533
   108.2    46.5      12   0.893     532
   107.5    47.3      12   0.823     531
   102.8    46.3      12    0.91     530
   102.8    46.6      12   0.871     529
   100.1    47.6      12   0.483     528
   101.5    47.5      12    0.92     527
    96.3    46.4      12   0.703     526
    96.9    47.8      12   0.718     525
   114.5    48.1      12   0.627     524
   106.1    48.9      12   0.722     523
    73.9    18.5      13    0.41     508
      82    19.1      13   0.374     506
    70.4    20.9      13   0.363     504
    75.8    22.7      13   0.375     501
    69.1    22.4      13   0.458     500
    78.8    23.9      13   0.311     499
      90      26      13   0.544     494
      73    26.3      13   0.308     493
    77.2    28.6      13   0.225     491
   -37.6    65.6      13   0.153      71
    79.7    29.5      13   0.348     489
    74.9    31.6      13    0.38     488
     -22    70.5      13   0.205      70
    64.1      27      13   0.511     483
    71.4    30.2      13   0.453     480
    69.5    31.4      13   0.346     476
    54.1      17      13   0.338     474
      57    30.3      13   0.328     470
   -63.6     8.2      13   0.368     915
   -67.7    10.3      13   0.363     909
   160.8    56.3      13   0.311     406
    -4.3    11.2      13   0.156     688
     0.4    12.1      13   0.616     687
    -1.5    12.4      13    0.68     686
    -0.1      14      13   0.849     685
     2.9    11.1      13   0.506     682
    18.5     4.4      13   0.262     681
    41.9     9.6      13   0.423     679
    -5.7    11.4      13   0.554     659
    -7.5    11.4      13   0.361     658
      -8    12.5      13   0.369     657
    -6.2    13.4      13   0.691     656
    -4.1    14.5      13   0.701     655
      12    13.2      13   0.941     654
     9.1    13.8      13    0.96     653
     7.1    13.5      13   0.921     652
     5.3    13.8      13   0.896     651
     2.2    13.5      13    0.85     650
    13.1    14.3      13   0.872     649
     5.3    14.9      13    0.96     648
     1.5    14.2      13   0.909     647
       8      17      13   0.815     646
    12.9    18.7      13   0.827     645
     5.5    22.8      13   0.615     643
   152.4    62.9      13    0.26     295
   164.2    68.1      13   0.242     287
      77     8.5      14   0.301     517
   -43.1      60      14    0.48      72
    72.6    23.1      14   0.364     498
    67.1    24.9      14   0.456     486
    69.8    25.5      14   0.437     485
    61.8    25.1      14   0.417     484
    68.7    28.3      14   0.402     482
    64.4    28.9      14   0.539     481
    66.9    30.3      14   0.428     479
    74.3    31.6      14   0.305     478
    70.1    33.9      14   0.547     475
    52.6    26.6      14   0.538     471
    51.7    32.6      14   0.535     469
   -51.8    64.2      14   0.525      68
     -68    46.9      14   0.758     862
   -83.4    64.2      14   0.783     728
   -78.1    58.5      14   0.863     727
   -68.4    58.1      14   0.933     726
   -91.9    50.1      14   0.498     722
     -57    53.7      14   0.943     721
   -60.4    53.3      14   0.981     720
   -61.8    50.2      14   0.955     719
     -71    48.3      14   0.778     717
   -66.1    43.8      14   0.456     716
     -60    43.9      14   0.553     715
   -59.2    47.6      14    0.86     714
    38.8       9      14   0.222     678
    37.4    12.6      14   0.251     677
   -17.5    14.7      14   0.475     661
    72.8    18.9      15   0.521     507
    91.6    26.1      15    0.47     495
      95    27.5      15    0.46     492
   138.1     9.5      15     0.2     929
  -157.9    21.3      15   0.272     922
   -64.7    10.1      15   0.382     911
   -52.8    68.7      15   0.373      67
   -99.2    19.4      15   0.336     893
  -101.2    19.7      15   0.358     892
   -89.7      21      15   0.236     890
  -101.3      21      15   0.395     889
    34.1    12.7      15   0.374     676
    30.2    13.2      15   0.915     675
    25.3    13.6      15   0.859     674
    35.4      14      15   0.553     673
    33.5    14.4      15   0.879     672
    32.3      14      15   0.855     671
    36.4    15.5      15   0.869     670
    32.6    15.6      15   0.928     669
      34    17.7      15   0.908     668
    31.9    18.6      15   0.676     667
    37.2    19.6      15   0.607     666
    33.3    19.5      15   0.788     665
    32.8      24      15   0.675     664
    91.1    29.7      15   0.434     613
   100.3     5.3      15   0.331     589
   148.2    62.8      15   0.338     280
   143.2    63.3      15    0.35     277
   143.2    66.4      15   0.185     273
