    33.8    52.6       1   0.831     309
    -2.9    56.4       1   0.575      54
    30.5    50.4       1   0.824     412
    24.8    59.4       1   0.895     298
     6.5    62.9       1   0.688      21
    16.7    49.2       1   0.692     151
     4.9    59.3       1   0.768      27
    27.6    47.2       1   0.738     172
     9.1    62.1       1   0.762      22
     8.8    53.1       1   0.833     123
    32.1    54.8       1   0.878     307
    36.5      61       1   0.827     235
     9.7    52.5       1   0.847     124
      21    52.2       1   0.924     158
    28.7    60.7       1   0.901     239
    14.2    50.1       1   0.742     150
      13    47.8       1   0.561     146
       6    49.5       1   0.611      79
      24    49.8       1   0.852     414
    17.9    62.6       1   0.785      37
    45.5    51.6       1   0.619     420
    39.9    59.3       1   0.823     310
    39.3    53.8       1   0.737     319
    18.1    49.7       1   0.782     152
    15.2    46.2       1   0.625     166
      15      51       1   0.832     135
    12.4    51.3       1   0.825     133
    10.6    51.3       1    0.78     131
    37.1    67.3       1   0.544     224
    -8.5    51.9       1   0.441      59
    12.1    49.1       1    0.66     139
    38.1    63.9       1   0.707     232
    29.7    45.2       1   0.539     176
    36.3    52.3       1    0.79     417
    26.7    67.4       1   0.706      44
    30.3      60       1   0.871     299
    14.4    67.3       1   0.571      20
    -4.5    53.3       1   0.566      55
     9.6    54.5       1   0.861     118
    21.6    47.5       1   0.558     162
     9.6    63.7       1   0.713      23
    20.5    44.8       1   0.494     164
    33.6    59.6       1   0.882     300
     8.1    58.1       1   0.808      29
    13.8    51.2       1    0.82     134
    19.2    47.4       1    0.64     161
    47.6    64.8       1   0.808     230
      20      50       1   0.846     160
    -8.9    52.7       1   0.466      60
    27.5    53.9       1   0.942     308
      24    71.1       1   0.365      17
    12.5    55.7       1    0.89      74
    11.4    53.6       1   0.862     120
      11      51       1   0.807     136
    31.1    70.4       1   0.513      19
    39.7    54.6       1   0.713     318
      18    66.9       1   0.689      34
    16.9    52.4       1    0.87     157
    -6.8      62       1   0.357      73
    40.5    64.5       1   0.654     228
    14.3    46.7       1   0.605     148
    12.1    54.2       1   0.884     121
      16    45.8       1   0.652     167
      44    56.3       1     0.7     313
     5.2    52.1       1    0.78      75
   -10.3    51.9       1   0.376      58
     8.5    51.2       1   0.718     130
    13.2    55.7       1   0.907      43
    29.8    52.3       1   0.872     410
    14.5    63.2       1   0.754      36
    41.7      55       1    0.74     317
     6.7    52.1       1   0.769      77
      13    47.1       1   0.536     145
    23.8    54.9       1   0.954     305
    19.6    66.6       1   0.723      35
    23.6    46.8       1    0.49     173
      28    57.8       1   0.937     302
    36.3    49.9       1   0.732     422
    17.1    57.4       1   0.912      41
    42.9    62.1       1   0.724     231
    31.2    65.2       1   0.761     226
    17.9    59.4       1   0.896      39
    -6.3    53.4       1   0.551      61
     9.1    60.6       1   0.733      26
    40.9    57.7       1   0.775     312
    -3.2    55.3       1   0.635      53
    18.2      46       1   0.614     163
    -0.5    53.2       1   0.646      56
      13    50.4       1   0.756     137
      36    55.5       1    0.85     314
    10.9    63.5       1   0.717      24
      24    58.1       1   0.931     301
    45.8    57.9       1   0.697     311
    35.8    50.8       1   0.754     421
    40.2    61.7       1   0.763     237
   -77.5    25.1       1   0.469     896
    28.2    61.1       1   0.901      46
    20.2    49.1       1    0.75     154
    16.9    51.1       1   0.843     159
    18.3    57.7       1   0.922      42
    19.2    48.6       1   0.591     153
    11.6    52.1       1   0.844     125
    -1.2    60.1       1   0.623      48
    25.1    54.6       1   0.912     306
    37.6    55.8       1   0.801     316
    32.3    67.1       1   0.659     223
    13.1    52.4       1   0.856     126
     5.6    58.9       1   0.778      28
    13.5    54.1       1   0.908     122
    34.8      65       1   0.725     227
    13.4    52.5       1   0.858     127
    14.1    57.8       1   0.878      40
    -6.3    58.2       1   0.486      50
    12.2    51.1       1   0.836     132
     8.8    58.4       1   0.807      30
    26.1    44.5       1   0.526     177
    26.1    50.6       1   0.846     411
    -6.9    56.5       1   0.547      52
    25.7    62.2       1   0.871      45
    10.5      59       1   0.835      31
    30.7    61.7       1   0.876     233
     5.3    60.4       1   0.745      25
    34.3    66.7       1   0.657     225
    23.7    52.1       1   0.935     409
    23.2      70       1   0.562      16
      10    53.6       1   0.853     119
    14.6    53.4       1     0.9     155
    -2.2    57.2       1   0.578      51
    -7.3    55.4       1   0.515      62
    43.7    49.8       1   0.586     423
      25    60.3       1    0.92      47
    38.9    61.5       1   0.805     236
    24.2    45.8       1   0.399     175
    33.1      69       1   0.568     221
    18.9    69.7       1    0.42      14
    14.1    48.2       1   0.628     143
    36.2    51.8       1   0.762     418
     6.6    53.1       1   0.828      76
    13.5    59.4       1   0.865      38
       7    51.4       1   0.709     129
      11    47.4       1    0.53     141
    23.2    53.1       1   0.943     156
    14.1    52.2       1   0.848     128
    32.9      50       1   0.757     413
    10.7      60       1   0.807      32
    16.3    48.2       1   0.718     144
    41.3    52.8       1   0.661     320
     4.4    50.8       1   0.696      78
    -6.2    54.7       1   0.529      57
    30.6    46.5       1   0.615     415
      21    56.5       1   0.949     303
    30.6    56.3       1   0.921     304
    34.3    61.8       1   0.827     234
    22.5    68.4       1   0.696      33
    25.5    69.5       1     0.6      18
  -159.4      22       1   0.246     921
    37.4    51.2       1   0.739     419
    -2.9      59       1   0.575      49
    21.3    45.8       1   0.425     174
    78.6      53       2   0.937     351
    56.5    60.4       2   0.776     263
   128.9    71.6       2   0.571     216
      90    61.6       2    0.96     261
    50.8    61.7       2   0.757     259
    91.7    53.7       2   0.737     350
    66.7    66.5       2   0.677     245
    84.6    51.7       2   0.917     445
    47.6    64.8       2    0.65     229
    87.9    63.2       2   0.949     255
    89.2    53.3       2   0.851     349
    80.3    50.4       2   0.878     448
    60.9    64.3       2   0.737     252
    87.9    65.8       2   0.924     251
   113.6    54.5       2   0.767     364
    56.9      66       2   0.682     249
    93.5    66.9       2    0.87     247
    76.9    43.2       2   0.657     450
   103.6    51.5       2   0.903     374
    60.8    66.5       2   0.717     244
   112.6    59.5       2   0.862     354
    80.1    44.2       2   0.643     449
    59.8      43       2   0.602     457
   121.8      59       2   0.859     355
    58.3      38       2   0.567     465
    51.9    47.1       2   0.615     439
    55.8    54.7       2   0.798     334
   109.6    55.8       2   0.818     360
    80.4    73.5       2   0.666     210
    65.7    59.6       2   0.866     321
    78.2    59.2       2   0.944     337
      83    58.3       2   0.958     338
    81.2    51.5       2   0.905     444
    56.1    45.5       2   0.595     443
      53    67.6       2   0.641     241
    61.7    46.8       2    0.61     440
    61.7    69.7       2   0.567     240
   110.5    51.3       2   0.685     376
    81.9    57.1       2   0.967     341
    57.2    50.3       2   0.748     434
     112    49.6       2   0.744     379
    92.8      56       2   0.935     343
    92.2    58.5       2   0.954     339
    46.7    48.2       2   0.628     424
   108.1    57.8       2   0.873     356
    84.9    56.5       2   0.964     342
    54.7    49.1       2   0.659     437
    78.4    55.3       2   0.957     346
    53.5    56.8       2   0.698     326
    74.4    56.9       2   0.929     329
    65.1    63.9       2   0.798     254
    68.3    58.2       2   0.898     324
    57.8    56.7       2   0.807     327
   107.6    55.2       2   0.875     361
    63.7    56.1       2   0.868     330
    56.2    62.7       2   0.787     256
   101.8    57.3       2    0.89     357
    86.1    55.2       2   0.932     345
    60.6    56.8       2   0.815     328
    73.4      55       2   0.924     333
    56.2      39       2   0.574     464
      77    79.5       2   0.449     207
    53.9    37.5       2   0.376     463
    62.1    45.8       2   0.615     442
    96.4    61.7       2   0.954     262
    50.5    53.3       2   0.634     336
    65.4    55.5       2   0.884     332
   106.5    50.4       2    0.79     378
      99    54.9       2   0.883     347
    58.9    58.5       2   0.787     322
    74.5    42.9       2   0.573     458
    65.4    57.1       2   0.893     325
    68.2    43.3       2   0.648     456
   107.6    51.8       2   0.763     375
    72.9    66.7       2   0.794     246
    73.1    49.8       2   0.806     435
    52.3    65.4       2   0.677     248
    49.2    69.1       2   0.549     220
    57.1    65.1       2   0.727     250
      53      40       2    0.53     461
    69.3    41.3       2    0.54     460
    77.8    64.9       2   0.822     253
   106.2    59.3       2   0.916     353
   118.3    56.9       2   0.781     358
      56    53.6       2   0.753     335
    60.9    62.4       2   0.794     257
    66.1    62.4       2   0.842     258
    56.2      58       2   0.849     323
    80.3    61.1       2   0.954     260
      98    55.9       2   0.921     344
    75.1    46.8       2   0.661     441
    69.4    56.1       2   0.914     331
   114.1      72       2   0.587     215
      69      61       2   0.877     265
    77.9    60.4       2   0.932     266
   111.6    52.5       2   0.761     371
   113.1    54.6       2   0.834     365
    46.7    61.2       2   0.705     238
    64.6    41.7       2   0.666     459
     114    70.1       2   0.672     217
    49.2    55.8       2   0.633     315
    57.4    52.2       2   0.759     430
    45.4    46.2       2   0.545     425
   105.2    54.8       2   0.872     363
   124.9      56       2   0.861     362
    43.3    68.7       2   0.533     222
     124    68.7       2   0.645     269
    87.6    43.8       2   0.695     599
    81.3      44       2   0.667     598
    88.1    47.7       2   0.803     597
    51.3    51.3       2   0.685     432
     104    77.7       2    0.53     209
     109    53.4       2   0.744     366
    51.9    49.1       2   0.662     436
   178.5      71       2    0.37     219
   104.3    52.3       2   0.878     370
    63.6    39.1       2   0.603     462
      48    46.3       2   0.624     428
   120.4    60.4       2   0.815     283
    86.4    67.5       2   0.898     243
     108    61.3       2   0.905     281
   117.7    62.2       2   0.816     279
    78.7    67.5       2   0.824     242
   108.4    62.8       2   0.882     278
   102.3    60.3       2   0.937     282
   116.9    64.2       2    0.77     275
   102.5      72       2   0.667     212
    60.5    60.7       2   0.808     264
   100.2    64.3       2   0.895     274
    71.4    51.2       2   0.873     433
   123.4    66.8       2   0.684     272
   114.3    66.3       2   0.809     271
    68.4    51.8       2    0.84     431
    80.4    73.5       2   0.703     213
    69.7    48.3       2   0.724     438
   118.3    68.6       2   0.728     268
   112.4    68.5       2   0.706     267
    44.3    46.4       2   0.562     427
    97.5    58.4       2   0.918     340
   -75.7    41.3       3   0.782     814
   -71.1    42.2       3    0.72     885
   -85.2      35       3    0.88     774
   -83.8      43       3   0.822     848
   -81.2    32.1       3   0.735     738
   -93.4    37.2       3   0.908     798
   -98.2    44.4       3   0.649     854
   -81.3    28.4       3   0.584     736
   -84.4    30.4       3   0.739     740
   -98.5    29.5       3   0.557     752
   -92.3    14.9       3   0.281     895
   -89.7    40.7       3   0.917     826
   -89.3    43.1       3   0.786     850
   -84.4    33.7       3   0.839     743
   -92.2    38.8       3    0.91     799
   -71.2    42.2       3   0.688     884
     -82    33.4       3   0.793     742
   -93.4    48.6       3   0.541     865
   -92.2    46.8       3   0.565     864
   -93.2    44.9       3   0.656     855
   -88.1    44.4       3   0.757     852
   -92.5    43.9       3   0.716     851
   -86.2    43.2       3   0.871     847
   -71.5    43.2       3   0.655     844
   -22.6      64       3   0.178      63
   -80.1    25.8       3   0.557     734
   -87.9      43       3   0.777     849
   -70.2    43.4       3   0.556     845
  -100.6    41.5       3   0.666     835
   -93.7    41.5       3    0.81     831
   -83.5    41.6       3   0.915     829
   -86.3    41.7       3   0.892     828
   -85.2      41       3   0.916     827
   -78.7    42.9       3   0.835     823
   -81.4    40.9       3   0.892     820
   -80.2    40.5       3   0.858     819
     -76    42.2       3   0.734     815
   -71.1    42.5       3    0.65     813
   -72.7    41.9       3    0.77     812
   -71.3    41.4       3   0.797     811
   -96.7    43.6       3     0.7     853
   -94.4    35.3       3   0.879     777
    15.5    78.3       3   0.328      13
   -78.8    35.9       3   0.837     767
   -89.7    39.8       3   0.929     797
   -91.1    38.8       3   0.902     795
   -82.6    35.4       3   0.864     772
   -84.6      38       3   0.937     789
   -81.6    38.4       3     0.9     787
   -82.2    34.9       3   0.829     770
     -80    37.3       3   0.894     785
   -81.5    37.6       3   0.879     786
   -81.1      34       3   0.733     769
   -95.9    36.2       3   0.799     779
   -97.6    35.4       3   0.749     778
   -80.7    35.2       3    0.82     771
   -77.4    37.5       3   0.885     784
   -97.2    46.9       3   0.605     866
   -93.8    32.5       3   0.755     750
   -90.3      30       3    0.71     746
   -85.7    38.2       3   0.949     790
   -97.7    30.3       3   0.564     753
   -95.3    29.7       3   0.609     749
   -94.8    29.3       3   0.664     748
   -88.8    32.3       3   0.801     747
   -86.4    32.3       3   0.761     745
   -83.7    32.7       3   0.798     741
     -80    32.9       3   0.746     739
   -84.2    39.9       3   0.931     793
   -81.7    30.5       3    0.64     737
   -80.1    26.7       3   0.602     735
   -82.9      40       3   0.925     792
   -97.9    22.2       3   0.313     888
   -82.6    38.4       3   0.926     791
   -86.7    36.1       3   0.916     776
   -84.7    39.1       3    0.96     788
     -84    35.8       3   0.843     775
  -102.2      32       3   0.395     756
   -94.7    39.3       3   0.827     800
   -86.3    39.7       3   0.972     796
     -80    36.1       3   0.822     773
  -100.5    31.4       3   0.507     755
   -97.4    25.9       3   0.425     751
  -101.7    35.2       3   0.583     780
    -100    37.8       3   0.649     802
   -97.2    31.6       3   0.601     754
   -96.4    42.4       3   0.716     834
   -82.6    45.9       3   0.574     718
  -101.7    39.4       3   0.549     804
   -87.6    37.8       3   0.947     794
   -81.8    24.6       3   0.503     733
   -88.2    30.7       3   0.768     744
  -101.8    33.7       3   0.517     758
   -99.7    32.4       3    0.66     757
    14.2    78.1       3   0.349     208
   -76.2    36.9       3   0.804     768
   -95.6    39.1       3   0.828     803
   -75.6    35.3       3     0.8     766
   -21.9    64.1       3    0.21      64
   -76.1    43.1       3   0.733     818
   -97.4    37.7       3   0.722     801
   -80.2    42.1       3   0.886     822
   -75.4    40.7       3   0.862     816
   -73.8    42.8       3   0.663     817
   -90.5    41.5       3   0.886     830
   -80.7    41.3       3   0.887     821
   -77.7    43.1       3   0.791     824
   -87.9      42       3   0.893     825
   -73.2    44.5       3   0.595     846
      19    74.5       3   0.379      15
   -98.3      41       3   0.683     832
   -97.4      42       3   0.726     833
   -73.9    40.8       3   0.764     810
     9.2    48.8       4   0.642     138
  -104.3    19.1       4   0.305     891
    -7.7    33.6       4   0.687     630
     7.6    47.5       4   0.743      80
    -9.1    38.7       4   0.775     117
     4.7    44.6       4   0.852      93
    -5.4    36.2       4   0.821     114
     -66    18.4       4   0.361     897
    -2.4    36.9       4   0.823     113
    -5.9    37.4       4    0.79     112
    -6.8    38.9       4    0.81     111
    -0.4    39.5       4    0.87     109
    -3.7    40.4       4   0.833     108
    -2.5    41.8       4   0.842     107
    -0.6    35.6       4   0.823     640
    -3.6    40.5       4   0.885     106
    -5.5    40.9       4   0.882     105
     2.8      36       4   0.807     638
      -1    41.7       4   0.928     104
    -4.7    41.7       4   0.915     103
    -2.2    31.6       4   0.627     642
    -3.6    42.4       4   0.938     102
    -3.8    43.5       4   0.916     101
     8.8    41.9       4   0.803      99
     7.2    43.6       4   0.814      97
     5.2    43.5       4    0.89      96
       4    43.6       4    0.91      95
    13.8    45.7       4   0.651     180
    39.6     0.5       4    0.17     680
     1.4    43.6       4   0.949      94
    -0.7    44.8       4   0.882      92
     5.1    47.3       4    0.81      91
     3.3    36.7       4   0.805     634
    17.8    43.4       4   0.541     170
     2.4    47.1       4   0.839      90
    10.2    36.8       4   0.717     644
    16.4    43.5       4   0.531     169
     5.7    34.8       4    0.71     641
     8.1    35.5       4   0.638     639
    15.4    44.5       4   0.596     168
     2.2    36.3       4   0.865     637
     1.3    36.2       4   0.875     636
     6.6    36.3       4   0.691     635
    -1.6    47.2       4   0.762      89
     7.8    36.8       4   0.739     633
    -6.9    30.9       4   0.619     632
    -8.8    31.6       4   0.663     631
    -5.5    33.9       4   0.712     629
   -16.3    28.5       4   0.414     628
     7.6    48.6       4   0.669      88
    -4.4    48.5       4    0.65      87
     3.1    50.6       4   0.772      86
     2.9    42.7       4   0.926      98
       9      46       4    0.72      85
     7.3    46.2       4   0.771      84
    -8.4    43.4       4   0.738     100
     6.1    46.3       4   0.835      83
     9.4    47.3       4   0.573      82
     8.6    47.4       4   0.743      81
    14.3    46.6       4   0.566     149
    13.7    46.6       4   0.545     147
       0      40       4   0.919     110
      11    47.8       4   0.678     142
    11.6    48.2       4   0.585     140
  -106.6    48.2       5   0.754     868
  -150.1    62.3       5   0.879     698
   -72.5     7.9       5   0.367     916
  -161.8    60.8       5   0.405     696
  -131.6      55       5   0.886     706
  -111.4    47.5       5   0.741     871
  -100.8    46.8       5   0.657     867
  -122.5      53       5   0.852     710
  -139.1    64.1       5   0.909     732
  -135.1    60.7       5   0.924     731
  -122.6    58.8       5   0.858     729
  -126.6    49.4       5   0.793     725
  -105.7    53.2       5    0.82     724
   -97.2    49.9       5   0.616     723
  -115.6    51.2       5   0.847     713
  -127.4    50.7       5   0.845     711
  -131.8    53.3       5   0.814     709
  -114.8    55.3       5    0.89     708
  -117.2    58.6       5   0.842     707
  -139.7    59.5       5   0.934     705
  -151.5    59.6       5   0.821     704
  -156.7    58.7       5   0.642     703
    -150    61.2       5   0.848     700
  -147.9    64.8       5   0.815     699
  -155.6      63       5   0.651     697
  -165.4    64.5       5   0.429     695
  -151.5    66.9       5    0.79     694
  -162.6    66.9       5   0.483     693
  -127.2    54.8       5   0.863     730
  -110.3    54.4       5    0.86     712
    74.8    34.1       6    0.36     487
   138.2    34.6       6   0.954     562
   135.8    33.5       6   0.928     566
   -61.1     4.6       6   0.277     918
   129.9    32.7       6   0.958     570
    37.4    12.6       6   0.291     677
   129.5    42.9       6   0.612     609
    79.9    37.1       6   0.562     602
      76    39.5       6   0.532     600
   131.4    31.9       6   0.884     572
   130.6    31.6       6    0.91     571
   131.6    33.2       6   0.949     569
   130.4    33.6       6   0.945     568
   129.3    34.2       6   0.927     567
   135.5    34.7       6   0.958     565
   139.8    33.1       6   0.865     564
   139.8    35.7       6   0.921     563
   140.9    35.7       6   0.912     561
     137    35.2       6   0.957     560
   139.1    36.4       6   0.938     559
   138.1    36.4       6   0.945     558
   136.7    36.6       6   0.982     557
   139.1    37.9       6   0.947     556
   136.9    37.4       6   0.971     555
   140.1    39.7       6   0.897     553
   140.8    41.8       6   0.812     552
   142.8    42.2       6   0.749     551
   141.3    43.1       6   0.733     549
   144.3      44       6    0.61     548
   126.5    33.5       6   0.878     546
   127.7    34.7       6   0.909     545
   126.4    34.8       6    0.89     544
   129.4      36       6   0.921     543
   130.9    37.5       6   0.935     542
     127    37.6       6   0.862     541
   128.9    37.8       6   0.875     540
   140.9    38.3       6   0.908     554
   -88.3    17.5       6   0.404     898
   167.7     8.7       7   0.401     926
   171.4     7.1       7   0.329     927
      35    29.6       7   0.914     466
   -63.2     9.8       7   0.285     913
  -106.1    28.6       7    0.09     886
    39.2    21.7       7   0.703     472
    50.7    26.3       7   0.689     473
    37.2    19.6       7   0.714     666
    36.4    15.5       7   0.732     670
    30.7    36.7       7   0.682     205
    28.4    37.2       7   0.775     204
   -62.3    10.6       7   0.491     912
    25.2    35.3       7   0.764     187
      22    37.1       7   0.705     186
    20.9    37.8       7   0.742     185
    23.7    37.9       7   0.776     184
    23.7      38       7    0.75     183
    19.9    39.6       7   0.681     182
    14.5    35.9       7   0.586     181
    30.2    13.2       7   0.747     675
    25.3    13.6       7   0.632     674
    33.5    14.4       7   0.518     672
    32.3      14       7   0.717     671
    32.6    15.6       7   0.779     669
      34    17.7       7   0.742     668
    31.9    18.6       7   0.727     667
    33.3    19.5       7    0.86     665
    32.8      24       7   0.807     664
    31.3    39.9       7   0.902     663
    27.2    31.3       7   0.825     662
    19.3    43.4       7   0.573     165
    91.1    29.7       7   0.348     613
    92.7    11.7       8   0.541     514
   -37.6    65.6       8     0.3      71
    -7.5    11.4       8   0.555     658
     -22    70.5       8   0.211      70
   -15.2    64.3       8   0.233      66
   -67.4     7.9       8   0.205     917
   -63.6     8.2       8   0.367     915
   -64.7    10.1       8   0.412     911
   -67.7    10.3       8   0.472     909
   -69.3    10.1       8   0.258     908
   151.9     7.5       8   0.169     924
   160.8    56.3       8   0.311     406
     0.4    12.1       8   0.705     687
    -1.5    12.4       8   0.856     686
    -0.1      14       8   0.872     685
     2.9    11.1       8   0.553     682
    41.9     9.6       8   0.648     679
    -5.7    11.4       8   0.688     659
      -8    12.5       8    0.54     657
    -6.2    13.4       8   0.778     656
    -4.1    14.5       8   0.835     655
      12    13.2       8   0.922     654
     9.1    13.8       8   0.941     653
     7.1    13.5       8   0.915     652
     5.3    13.8       8   0.948     651
     2.2    13.5       8   0.922     650
    13.1    14.3       8   0.875     649
     5.3    14.9       8    0.95     648
     1.5    14.2       8   0.925     647
       8      17       8   0.845     646
    12.9    18.7       8   0.762     645
     5.5    22.8       8   0.659     643
    51.4    35.7       9   0.583     468
   -69.7    11.4       9   0.404     907
   -75.5    10.5       9   0.414     905
     -69    12.2       9   0.383     904
   -61.4    10.6       9   0.414     903
   -59.5    13.1       9    0.41     902
    47.8    41.5       9   0.637     455
    47.6    42.8       9   0.567     454
    44.6    43.1       9   0.561     453
    39.8    43.6       9   0.926     452
    39.1    44.1       9   0.876     451
      42    45.1       9   0.538     429
    34.1    44.7       9   0.736     416
    40.2    37.9       9   0.873     203
    38.8    37.1       9   0.849     202
    32.5    37.9       9    0.93     201
    30.6    37.8       9   0.872     200
    27.2    38.4       9   0.819     199
    30.5    38.8       9   0.963     198
    43.4    38.5       9   0.814     197
    32.9      40       9   0.949     196
    26.4    40.1       9   0.825     195
    41.3    39.9       9    0.85     194
    39.5    39.7       9     0.9     193
      37    39.8       9   0.947     192
    33.8    41.4       9   0.903     191
    26.6    41.7       9   0.684     190
    40.5      41       9   0.924     189
    36.3    41.3       9   0.923     188
     -60    43.9       9    0.35     715
  -156.8    71.3       9   0.218     692
    23.4    42.7       9   0.406     179
    28.6    44.2       9   0.542     178
    24.5    47.1       9     0.5     171
    38.2      46       9   0.526     426
   170.4    64.7       9    0.22     293
  -120.1    39.2      10   0.846     882
  -155.1    19.7      10   0.355     923
  -119.4    35.6      10    0.78     883
  -110.4    44.6      10   0.746     881
  -111.2    39.7      10   0.546     880
  -106.9    34.1      10    0.46     879
  -111.7    33.1      10   0.732     877
  -116.6    43.6      10    0.78     859
  -122.9    42.4      10   0.728     843
  -117.8    40.9      10   0.919     841
  -112.6    42.9      10   0.866     840
    -112    40.8      10   0.876     838
  -106.4    42.6      10   0.702     837
  -104.8    41.1      10   0.517     836
  -122.4    37.6      10   0.729     809
  -119.8    39.5      10   0.877     808
  -114.9    39.3      10   0.965     807
  -108.7    39.2      10   0.665     805
  -119.7    36.8      10     0.8     783
  -115.2    36.1      10   0.855     782
  -106.6    35.1      10   0.512     781
  -118.2    34.1      10   0.658     765
  -117.2    32.7      10   0.735     764
  -111.7    33.2      10   0.756     763
  -110.1    31.7      10   0.353     762
  -112.9    32.4      10   0.571     761
  -110.9    32.1      10   0.715     760
  -124.2    40.8      10    0.59     842
   166.1    62.4      10   0.302     296
  -121.8    38.5      10   0.834     806
    81.1     6.1      11   0.541     519
    79.9     6.9      11   0.389     518
    79.3     9.3      11   0.542     515
    92.8    24.8      11   0.544     497
    91.1    25.3      11   0.534     496
    91.6    26.1      11   0.406     495
      90      26      11   0.359     494
      95    27.5      11   0.309     492
   122.1     6.9      11   0.372     939
     114     4.4      11   0.575     933
     113     3.2      11   0.634     932
   110.3     1.5      11   0.672     931
   -71.2     8.6      11   0.381     914
     -67    10.6      11   0.191     910
   -61.5    16.3      11   0.438     900
   -87.2    14.1      11   0.291     899
   -99.2    19.4      11   0.397     893
   -89.7      21      11   0.273     890
  -101.3      21      11   0.325     889
  -110.4    24.2      11   0.321     887
   118.1     5.8      11   0.536     934
    98.9     3.6      11   0.425     930
   120.3    16.1      11   0.488     936
    34.1    12.7      11   0.389     676
    35.4      14      11   0.516     673
   103.4    23.4      11   0.875     618
   102.7      25      11   0.818     617
    98.5      25      11   0.524     616
   102.3    27.9      11   0.686     615
    97.2    31.2      11    0.47     614
     105    16.7      11   0.844     594
   102.1    19.9      11   0.642     593
   102.3     2.3      11   0.463     592
   101.6     3.1      11   0.406     591
   102.3     6.2      11   0.572     590
   100.3     5.3      11   0.259     589
   100.6     7.2      11   0.576     588
    99.2    10.5      11   0.872     587
    99.9    11.8      11   0.771     586
   102.1    12.6      11   0.744     585
   102.6    13.7      11   0.824     584
   100.6    13.7      11   0.911     583
   102.1      15      11   0.945     582
   100.2    15.8      11   0.915     581
   100.3    16.8      11    0.92     580
   102.8    17.4      11   0.955     579
      99    18.8      11   0.726     578
     154    24.3      11   0.352     577
    66.9    30.3      12   0.485     479
    69.5    31.4      12   0.273     476
    70.1    33.9      12   0.372     475
   121.6    18.4      12   0.575     935
     -60    -3.1      12   0.202     920
   -52.4     4.8      12   0.167     919
  -101.2    19.7      12   0.243     892
   -84.4    46.5      12   0.587     863
      57    30.3      12   0.394     470
   -16.9    32.6      12   0.364     116
   -91.9    50.1      12   0.404     722
  -162.7    55.2      12   0.343     702
   -17.5    14.7      12   0.386     661
   110.4      20      12   0.884     627
   108.4    22.8      12   0.892     626
   116.7    23.4      12   0.948     625
   113.3    23.1      12   0.906     624
     115    25.9      12   0.852     622
   109.7    27.5      12   0.774     621
   131.2    25.8      12   0.689     576
   127.7    26.2      12   0.752     575
   124.2    24.3      12   0.859     574
   129.5    28.4      12   0.752     573
   120.7      22      12   0.789     539
   120.2      23      12   0.924     538
   -18.1    65.7      13   0.308      65
     166    55.2      13   0.347     408
   158.7      53      13   0.404     407
   145.9      44      13   0.611     405
   142.7    46.9      13    0.68     404
   142.2      48      13   0.675     403
   143.1    49.2      13    0.64     402
   142.2    50.9      13   0.775     401
   143.1    51.5      13   0.802     400
   130.8    42.6      13   0.693     399
   131.9    43.1      13   0.734     398
   131.4    44.4      13   0.815     397
   136.6      45      13   0.702     396
   133.7    45.9      13   0.748     395
     131    47.7      13   0.902     394
   130.1    49.4      13    0.85     393
   132.3    50.9      13   0.836     392
   127.6    50.3      13   0.915     391
   136.5    52.4      13   0.695     390
   129.9    52.4      13   0.841     389
   140.7    53.2      13   0.807     388
     133    53.1      13   0.839     387
   134.4    54.5      13   0.818     386
  -106.4    31.8      13   0.392     759
   128.9    54.7      13    0.85     385
   138.2    56.5      13    0.78     384
   136.1    57.6      13   0.798     383
   125.4    58.6      13   0.833     381
   116.5    50.4      13   0.775     380
   119.6    51.3      13   0.801     377
   117.7    52.3      13   0.749     373
   113.5    52.1      13    0.67     372
     124      54      13   0.875     369
   119.7    53.8      13   0.816     368
   109.6    53.6      13   0.648     367
   124.9    56.8      13   0.837     359
     8.7    70.9      13   0.239      12
    -6.1       5      13   0.308     691
    -7.4     4.4      13   0.369     690
     2.4     6.4      13   0.267     684
     2.5       8      13    0.23     683
    93.5    42.8      13    0.56     603
   123.9    47.4      13   0.906     596
   119.8    49.2      13   0.786     595
   169.8    66.2      13   0.207     290
   134.5    60.4      13   0.698     286
   129.7      62      13   0.708     285
   125.3    60.8      13    0.78     284
   145.6    43.3      13   0.587     550
   141.7    45.4      13   0.681     547
   121.6    63.8      13   0.736     276
   114.5    48.1      13   0.659     524
   103.6    48.8      14   0.863     522
   100.2    49.6      14   0.643     521
   -18.8    76.8      14    0.23      69
   -96.1    19.2      14   0.339     894
    85.6    50.3      14   0.699     446
    99.8    52.5      14   0.665     352
   110.1    44.9      14   0.836     535
   106.3    45.8      14   0.961     534
   110.7    47.3      14   0.802     533
   108.2    46.5      14   0.944     532
   107.5    47.3      14   0.879     531
   102.8    46.3      14   0.905     530
   102.8    46.6      14    0.83     529
   101.5    47.5      14   0.871     527
   106.1    48.9      14   0.538     523
    91.7      48      15    0.64     520
    71.4    30.2      15   0.486     480
    70.9    31.8      15   0.455     477
    88.7      50      15   0.577     447
   115.9    28.6      15   0.736     623
   111.3    30.7      15   0.612     620
   113.7    34.7      15   0.797     619
   120.3    36.1      15   0.813     612
   116.3    39.9      15   0.704     611
   123.5    41.7      15   0.693     610
   112.6    37.8      15   0.882     608
   106.2    38.5      15   0.913     607
     112    43.7      15   0.659     606
    98.1    36.3      15   0.369     605
    98.5    39.8      15   0.901     604
    88.2      39      15   0.639     601
   104.4    43.6      15   0.912     537
   111.9    43.7      15   0.641     536
   100.1    47.6      15   0.626     528
    96.3    46.4      15   0.881     526
    96.9    47.8      15   0.842     525
   138.1     9.5      16    0.25     929
   158.2       7      16   0.226     925
     148    70.6      16   0.804     218
     138      76      16   0.517     214
   143.2    59.4      16   0.428     382
    83.5    53.4      16   0.205     348
    18.5     4.4      16   0.164     681
    38.8       9      16   0.375     678
   150.8    59.6      16   0.458     297
   152.4    62.9      16   0.863     295
   160.5    65.2      16    0.69     292
   150.9    65.7      16   0.942     291
     168    67.3      16   0.322     289
     153    67.5      16   0.922     288
   164.2    68.1      16    0.61     287
   148.2    62.8      16   0.809     280
   143.2    63.3      16   0.896     277
   143.2    66.4      16   0.943     273
   133.4    67.6      16   0.792     270
    73.2     8.3      17   0.418     516
    77.6      13      17   0.601     513
    80.2      13      17   0.571     512
    81.2    16.2      17   0.499     511
    83.2    17.7      17   0.596     510
    78.5    17.5      17   0.853     509
    73.9    18.5      17   0.879     508
    72.8    18.9      17   0.674     507
      82    19.1      17   0.778     506
      77    20.7      17   0.873     505
    70.4    20.9      17   0.471     504
    79.1    21.1      17   0.937     503
    88.3    22.5      17   0.451     502
    75.8    22.7      17   0.915     501
    69.1    22.4      17   0.584     500
    78.8    23.9      17   0.605     499
    72.6    23.1      17    0.76     498
      73    26.3      17   0.686     493
    77.2    28.6      17     0.5     491
    73.2      28      17   0.412     490
    79.7    29.5      17   0.351     489
    74.9    31.6      17   0.492     488
    67.1    24.9      17   0.497     486
    69.8    25.5      17   0.515     485
    61.8    25.1      17   0.412     484
    64.1      27      17   0.476     483
    68.7    28.3      17   0.466     482
    74.3    31.6      17   0.473     478
   123.8    13.2      17   0.453     937
    54.1      17      17   0.533     474
   -76.4     3.6      17   0.413     906
     125    11.2      17   0.238     938
  -170.2    57.2      17   0.341     701
      77     8.5      18   0.185     517
   -43.1      60      18   0.644      72
    64.4    28.9      18    0.44     481
    52.6    26.6      18   0.679     471
    51.7    32.6      18   0.662     469
    59.6    36.3      18   0.489     467
   -51.8    64.2      18   0.669      68
   -52.8    68.7      18   0.531      67
   -61.1    14.6      18    0.51     901
     -68    46.9      18   0.578     862
   -83.4    64.2      18   0.866     728
   -78.1    58.5      18   0.876     727
   -68.4    58.1      18   0.959     726
     -57    53.7      18    0.94     721
   -60.4    53.3      18   0.963     720
   -61.8    50.2      18   0.913     719
     -71    48.3      18    0.62     717
   -66.1    43.8      18   0.274     716
   -59.2    47.6      18   0.759     714
   -16.5      16      18   0.416     660
   177.6    64.8      18   0.203     294
   134.5     7.3      19   0.191     928
  -157.9    21.3      19   0.393     922
  -108.3    46.9      19    0.72     878
  -122.3    47.5      19   0.784     876
  -122.9    47.1      19   0.837     875
  -123.9    46.2      19    0.73     874
  -117.5    47.6      19    0.96     873
  -120.5    46.6      19   0.962     872
  -114.1    47.3      19   0.954     870
    -112    46.6      19    0.91     869
  -122.6    45.6      19   0.894     861
  -118.8    45.5      19   0.949     860
  -108.5    45.8      19   0.736     858
    -107    44.8      19   0.791     857
  -103.1    44.1      19   0.665     856
   -25.7    37.8      19   0.348     115
  -108.7    42.8      19   0.632     839
    52.7    72.4      19   0.459     211
    58.1    80.6      19   0.354     206
    -3.2    10.3      19   0.175     689
    -4.3    11.2      19   0.265     688
