    37.1    67.3       1   0.499     224
    25.1    54.6       1   0.956     306
    26.1    50.6       1   0.928     411
    39.3    53.8       1   0.763     319
    20.2    49.1       1   0.865     154
    17.9    62.6       1   0.688      37
    10.6    51.3       1   0.807     131
    18.3    57.7       1     0.9      42
    14.4    67.3       1   0.485      20
    32.3    67.1       1    0.62     223
    40.5    64.5       1   0.658     228
    30.5    50.4       1   0.867     412
    13.2    55.7       1   0.905      43
    20.5    44.8       1   0.727     164
    31.2    65.2       1   0.719     226
    21.3    45.8       1    0.69     174
    13.4    52.5       1   0.903     127
    33.6    59.6       1   0.868     300
    16.7    49.2       1   0.846     151
    23.2    53.1       1   0.959     156
    19.2    47.4       1   0.799     161
    15.4    44.5       1    0.68     168
    33.1      69       1   0.468     221
    15.2    46.2       1   0.785     166
    12.1    54.2       1   0.904     121
    29.7    45.2       1   0.706     176
    21.6    47.5       1   0.757     162
    16.9    51.1       1   0.922     159
      13    47.8       1   0.705     146
    14.1    57.8       1   0.835      40
    47.6    64.8       1   0.789     230
    17.1    57.4       1   0.896      41
    23.2      70       1   0.416      16
     9.6    63.7       1   0.598      23
     9.2    48.8       1   0.717     138
    42.9    62.1       1   0.709     231
    39.7    54.6       1   0.739     318
    16.9    52.4       1   0.919     157
    19.2    48.6       1   0.789     153
    36.3    52.3       1   0.816     417
    14.3    46.7       1   0.646     148
     7.6    48.6       1   0.683      88
    24.8    59.4       1   0.896     298
    14.2    50.1       1   0.835     150
    23.6    46.8       1   0.692     173
    13.7    46.6       1   0.606     147
    34.3    66.7       1   0.616     225
    28.2    61.1       1   0.871      46
    37.4    51.2       1   0.777     419
    46.7    61.2       1   0.671     238
    12.1    49.1       1   0.763     139
      25    60.3       1   0.892      47
    16.3    48.2       1    0.82     144
    18.9    69.7       1   0.343      14
    30.7    61.7       1   0.847     233
    13.8    45.7       1   0.683     180
    11.4    53.6       1   0.887     120
    36.2    51.8       1   0.799     418
    27.6    47.2       1   0.834     172
    30.3      60       1   0.861     299
    23.8    54.9       1    0.96     305
    13.8    51.2       1   0.897     134
    27.5    53.9       1   0.953     308
      13    50.4       1   0.831     137
    14.5    63.2       1   0.627      36
    25.5    69.5       1   0.433      18
      10    53.6       1   0.878     119
    14.3    46.6       1   0.684     149
      16    45.8       1   0.799     167
      77    79.5       1   0.333     207
    33.8    52.6       1   0.853     309
    13.5    59.4       1   0.803      38
      15      51       1   0.906     135
    38.1    63.9       1   0.696     232
    13.1    52.4       1   0.899     126
    35.8    50.8       1   0.802     421
    11.6    52.1       1   0.888     125
    34.8      65       1   0.701     227
    38.9    61.5       1   0.788     236
      20      50       1   0.919     160
      24    58.1       1    0.91     301
      28    57.8       1   0.936     302
    11.6    48.2       1   0.724     140
    12.5    55.7       1   0.883      74
    41.7      55       1   0.758     317
      24    71.1       1    0.31      17
    14.1    48.2       1   0.758     143
      24    49.8       1   0.906     414
      18    66.9       1   0.503      34
     6.6    53.1       1   0.848      76
      44    56.3       1   0.709     313
    25.7    62.2       1   0.829      45
    17.9    59.4       1   0.861      39
    22.5    68.4       1   0.553      33
    12.4    51.3       1    0.89     133
    40.2    61.7       1   0.743     237
    10.5      59       1   0.743      31
     8.8    53.1       1   0.864     123
    14.6    53.4       1   0.925     155
     9.7    52.5       1   0.894     124
    26.1    44.5       1   0.689     177
    31.1    70.4       1   0.428      19
   -77.5    25.1       1   0.518     896
    32.9      50       1   0.815     413
      21    52.2       1    0.96     158
      11    47.4       1   0.577     141
    13.5    54.1       1   0.921     122
    29.8    52.3       1   0.916     410
    40.9    57.7       1   0.769     312
      21    56.5       1   0.937     303
    23.7    52.1       1   0.956     409
    36.5      61       1   0.818     235
    34.3    61.8       1   0.805     234
    30.6    56.3       1   0.928     304
    12.2    51.1       1   0.892     132
    41.3    52.8       1   0.682     320
    45.8    57.9       1   0.701     311
    18.1    49.7       1   0.895     152
      36    55.5       1   0.862     314
    39.9    59.3       1   0.818     310
    28.7    60.7       1   0.872     239
    37.6    55.8       1    0.81     316
    26.7    67.4       1   0.642      44
    14.1    52.2       1   0.903     128
    30.6    46.5       1   0.749     415
    36.3    49.9       1   0.778     422
    18.2      46       1   0.797     163
    32.1    54.8       1    0.88     307
    19.6    66.6       1   0.584      35
      13    47.1       1   0.595     145
      11      51       1   0.868     136
      69      61       2   0.864     265
    60.5    60.7       2   0.796     264
    56.5    60.4       2   0.735     263
    84.6    51.7       2   0.892     445
   117.7    62.2       2   0.801     279
   138.2    56.5       2   0.641     384
    89.2    53.3       2   0.806     349
    56.2    62.7       2   0.737     256
    47.6    64.8       2   0.604     229
    78.2    59.2       2   0.946     337
    77.8    64.9       2   0.829     253
    58.9    58.5       2   0.745     322
    87.9    65.8       2   0.931     251
    87.9    63.2       2   0.953     255
    93.5    66.9       2   0.879     247
    65.1    63.9       2   0.763     254
   102.3    60.3       2   0.943     282
    60.8    66.5       2   0.678     244
    80.4    73.5       2   0.604     210
    65.7    59.6       2   0.828     321
   107.6    55.2       2   0.882     361
      83    58.3       2   0.963     338
    97.5    58.4       2   0.923     340
   118.3    68.6       2   0.702     268
    65.4    57.1       2   0.861     325
    78.6      53       2   0.902     351
    80.3    61.1       2   0.954     260
   104.3    52.3       2   0.841     370
    43.3    68.7       2   0.489     222
    81.2    51.5       2   0.857     444
    71.4    51.2       2   0.824     433
    80.3    50.4       2   0.831     448
   111.6    52.5       2   0.777     371
    50.8    61.7       2   0.696     259
   112.4    68.5       2   0.613     267
    65.4    55.5       2   0.853     332
   108.1    57.8       2   0.886     356
   107.6    51.8       2   0.766     375
     114    70.1       2   0.663     217
      53    67.6       2   0.588     241
     112    49.6       2    0.65     379
   103.6    51.5       2    0.89     374
    56.2      58       2   0.816     323
   119.6    51.3       2   0.701     377
  -159.4      22       2   0.285     921
    77.9    60.4       2   0.934     266
     148    70.6       2   0.411     218
   106.5    50.4       2    0.76     378
    63.7    56.1       2   0.831     330
    49.2    69.1       2   0.487     220
   101.8    57.3       2   0.883     357
    73.4      55       2   0.897     333
    78.7    67.5       2   0.815     242
   164.2    68.1       2   0.207     287
   113.1    54.6       2   0.838     365
   124.9    56.8       2    0.66     359
     124      54       2   0.808     369
    68.3    58.2       2   0.872     324
    92.8      56       2    0.93     343
   109.6    55.8       2    0.82     360
    84.9    56.5       2   0.958     342
    88.1    47.7       2   0.751     597
    92.2    58.5       2   0.958     339
    39.6     0.5       2   0.146     680
    86.1    55.2       2   0.909     345
   114.3    66.3       2   0.791     271
   113.5    52.1       2     0.7     372
    78.4    55.3       2   0.933     346
   118.3    56.9       2   0.782     358
   134.5    60.4       2   0.546     286
      98    55.9       2   0.928     344
      99    54.9       2   0.874     347
   123.4    66.8       2   0.633     272
    69.4    56.1       2   0.888     331
   178.5      71       2   0.344     219
    74.4    56.9       2    0.92     329
   129.7      62       2   0.585     285
   105.2    54.8       2   0.876     363
   112.6    59.5       2   0.886     354
   143.2    66.4       2   0.208     273
    80.4    73.5       2   0.708     213
   102.5      72       2   0.693     212
     104    77.7       2   0.509     209
   106.2    59.3       2   0.921     353
     153    67.5       2   0.301     288
   113.6    54.5       2   0.785     364
   117.7    52.3       2   0.679     373
    86.4    67.5       2   0.897     243
    81.9    57.1       2   0.964     341
   128.9    71.6       2   0.555     216
     108    61.3       2   0.915     281
   116.5    50.4       2   0.575     380
   124.9      56       2   0.859     362
   150.9    65.7       2   0.255     291
   121.8      59       2   0.828     355
    91.7    53.7       2   0.687     350
     138      76       2    0.46     214
   114.1      72       2   0.633     215
   108.4    62.8       2   0.885     278
   125.3    60.8       2   0.668     284
   120.4    60.4       2   0.787     283
    66.7    66.5       2   0.646     245
    72.9    66.7       2   0.777     246
   119.7    53.8       2   0.791     368
    52.3    65.4       2   0.638     248
    56.9      66       2   0.652     249
    57.1    65.1       2   0.696     250
     109    53.4       2   0.765     366
    60.9    64.3       2   0.686     252
   121.6    63.8       2   0.647     276
   116.9    64.2       2   0.754     275
   100.2    64.3       2   0.915     274
   125.4    58.6       2   0.813     381
    60.9    62.4       2   0.767     257
    66.1    62.4       2   0.811     258
   110.5    51.3       2   0.735     376
    60.6    56.8       2   0.775     328
      90    61.6       2   0.964     261
    96.4    61.7       2   0.955     262
   133.4    67.6       2   0.407     270
     124    68.7       2   0.596     269
    61.7    69.7       2   0.507     240
   -86.4    32.3       3   0.724     745
   -84.7    39.1       3   0.954     788
  -101.8    33.7       3   0.485     758
   -84.4    33.7       3   0.813     743
   -18.1    65.7       3    0.25      65
   -97.9    22.2       3   0.333     888
   -81.6    38.4       3   0.885     787
   -87.9      43       3   0.695     849
   -86.3    39.7       3   0.963     796
     -22    70.5       3   0.227      70
   -78.8    35.9       3   0.817     767
   -73.9    40.8       3   0.725     810
   -89.3    43.1       3   0.717     850
   -83.8      43       3   0.773     848
  -101.7    39.4       3   0.538     804
   -81.5    37.6       3   0.872     786
  -102.2      32       3   0.385     756
   -72.7    41.9       3   0.658     812
   -99.7    32.4       3   0.652     757
   -71.2    42.2       3   0.592     884
   -71.5    43.2       3   0.547     844
   -75.6    35.3       3   0.792     766
   -90.5    41.5       3    0.85     830
     8.7    70.9       3   0.219      12
   -93.2    44.9       3   0.543     855
   -96.7    43.6       3   0.607     853
   -86.2    43.2       3    0.81     847
   -88.1    44.4       3    0.65     852
   -76.1    43.1       3   0.688     818
   -93.7    41.5       3   0.738     831
   -86.3    41.7       3    0.87     828
   -85.2      41       3   0.892     827
   -78.7    42.9       3   0.762     823
   -81.4    40.9       3   0.895     820
   -80.2    40.5       3   0.854     819
     -76    42.2       3   0.617     815
   -71.1    42.5       3   0.564     813
   -71.3    41.4       3   0.695     811
   -95.6    39.1       3    0.79     803
    14.2    78.1       3   0.441     208
   -91.1    38.8       3   0.902     795
   -80.1    25.8       3   0.614     734
    58.1    80.6       3   0.389     206
   -84.6      38       3   0.929     789
     -80    37.3       3   0.883     785
   -77.4    37.5       3   0.834     784
   -81.7    30.5       3   0.679     737
     -82    33.4       3   0.779     742
   -84.4    30.4       3    0.75     740
   -90.3      30       3   0.695     746
   -88.2    30.7       3   0.771     744
  -100.5    31.4       3   0.492     755
   -81.2    32.1       3   0.748     738
   -97.7    30.3       3   0.581     753
   -97.4    25.9       3   0.454     751
   -95.3    29.7       3   0.618     749
   -88.8    32.3       3   0.783     747
   -86.7    36.1       3   0.909     776
   -83.7    32.7       3   0.788     741
     -80    32.9       3   0.746     739
   -80.1    26.7       3   0.651     735
   -81.8    24.6       3    0.53     733
   -94.4    35.3       3   0.866     777
   -70.2    43.4       3   0.435     845
   -80.2    42.1       3   0.875     822
   -71.1    42.2       3   0.647     885
   -98.3      41       3   0.622     832
   -89.7    40.7       3     0.9     826
  -100.6    41.5       3    0.64     835
   -92.5    43.9       3   0.599     851
   -84.2    39.9       3   0.918     793
   -80.7    35.2       3   0.799     771
   -82.2    34.9       3   0.804     770
   -73.2    44.5       3   0.519     846
   -76.2    36.9       3   0.768     768
     -80    36.1       3   0.796     773
     -84    35.8       3    0.79     775
   -82.6    38.4       3   0.918     791
   -85.2      35       3   0.873     774
   -82.6    35.4       3   0.837     772
   -81.1      34       3   0.734     769
   -85.7    38.2       3   0.937     790
   -73.8    42.8       3   0.582     817
   -75.4    40.7       3   0.799     816
   -87.9      42       3   0.865     825
   -77.7    43.1       3   0.737     824
   -83.5    41.6       3   0.893     829
   -80.7    41.3       3   0.866     821
   -97.4      42       3   0.648     833
  -101.7    35.2       3   0.562     780
    15.5    78.3       3   0.431      13
   -95.9    36.2       3   0.779     779
   -94.8    29.3       3   0.665     748
   -97.6    35.4       3   0.734     778
   -87.6    37.8       3   0.949     794
   -82.9      40       3   0.915     792
   -97.2    31.6       3   0.599     754
    -100    37.8       3   0.598     802
   -93.8    32.5       3   0.733     750
   -92.2    38.8       3     0.9     799
   -97.4    37.7       3   0.675     801
   -94.7    39.3       3   0.787     800
   -93.4    37.2       3   0.893     798
   -89.7    39.8       3   0.923     797
      19    74.5       3   0.465      15
   -75.7    41.3       3   0.723     814
   -98.5    29.5       3   0.563     752
   -81.3    28.4       3   0.599     736
       0      40       4   0.915     110
    79.9     6.9       4   0.294     518
  -104.3    19.1       4   0.266     891
     -66    18.4       4   0.389     897
     3.3    36.7       4   0.826     634
      -1    41.7       4    0.92     104
    -2.2    31.6       4   0.688     642
    -0.6    35.6       4   0.834     640
     2.8      36       4   0.738     638
    -9.1    38.7       4   0.803     117
   -16.9    32.6       4    0.24     116
    -2.4    36.9       4   0.824     113
    -5.9    37.4       4   0.791     112
    -6.8    38.9       4   0.809     111
    -7.7    33.6       4   0.665     630
    -0.4    39.5       4   0.902     109
    -3.8    43.5       4   0.925     101
    -3.7    40.4       4   0.841     108
    10.2    36.8       4   0.724     644
    -3.6    40.5       4   0.874     106
     7.2    43.6       4   0.832      97
    -4.7    41.7       4   0.911     103
    -3.6    42.4       4   0.931     102
    -8.4    43.4       4   0.773     100
     8.8    41.9       4   0.838      99
     2.9    42.7       4   0.919      98
     5.2    43.5       4    0.89      96
    -5.5    40.9       4   0.884     105
       4    43.6       4     0.9      95
     2.4    47.1       4   0.831      90
     1.4    43.6       4   0.949      94
     4.7    44.6       4    0.84      93
    -0.7    44.8       4   0.882      92
     5.1    47.3       4    0.79      91
    17.8    43.4       4   0.607     170
    -2.5    41.8       4   0.854     107
    16.4    43.5       4   0.596     169
     5.7    34.8       4    0.75     641
     8.1    35.5       4   0.703     639
    -1.6    47.2       4   0.762      89
     2.2    36.3       4   0.821     637
     1.3    36.2       4   0.888     636
     6.6    36.3       4   0.762     635
     7.8    36.8       4   0.757     633
    -6.9    30.9       4   0.652     632
    -8.8    31.6       4   0.722     631
    -5.5    33.9       4   0.762     629
    -4.4    48.5       4   0.664      87
     7.6    47.5       4    0.72      80
     3.1    50.6       4   0.811      86
   151.9     7.5       4    0.14     924
       9      46       4   0.705      85
     7.3    46.2       4   0.779      84
    -5.4    36.2       4   0.848     114
     6.1    46.3       4   0.817      83
     8.6    47.4       4   0.726      81
      11    47.8       4   0.695     142
   -37.6    65.6       5   0.266      71
   -93.4    48.6       5   0.466     865
  -139.1    64.1       5   0.902     732
  -135.1    60.7       5   0.917     731
  -127.2    54.8       5   0.877     730
  -122.6    58.8       5   0.859     729
  -126.6    49.4       5   0.807     725
  -105.7    53.2       5   0.825     724
   -97.2    49.9       5   0.603     723
  -110.3    54.4       5   0.865     712
  -127.4    50.7       5    0.87     711
  -131.8    53.3       5    0.82     709
  -114.8    55.3       5   0.887     708
  -117.2    58.6       5   0.852     707
  -139.7    59.5       5   0.944     705
  -151.5    59.6       5   0.831     704
  -156.7    58.7       5   0.712     703
  -124.2    40.8       5     0.6     842
    -150    61.2       5   0.867     700
  -147.9    64.8       5    0.83     699
  -155.6      63       5   0.674     697
  -161.8    60.8       5   0.472     696
  -165.4    64.5       5   0.504     695
  -151.5    66.9       5   0.786     694
  -162.6    66.9       5   0.489     693
  -122.5      53       5   0.881     710
  -131.6      55       5   0.901     706
    34.1    12.7       5   0.339     676
   152.4    62.9       5   0.243     295
  -150.1    62.3       5   0.889     698
   143.2    63.3       5   0.321     277
   126.5    33.5       6   0.905     546
    74.8    34.1       6   0.318     487
   -88.3    17.5       6   0.284     898
     125    11.2       6   0.338     938
   138.2    34.6       6   0.949     562
    83.5    53.4       6   0.204     348
   129.9    32.7       6    0.97     570
   123.5    41.7       6   0.644     610
    79.9    37.1       6   0.471     602
      76    39.5       6   0.481     600
   135.8    33.5       6   0.952     566
   127.7    26.2       6   0.706     575
   129.5    28.4       6   0.815     573
   131.4    31.9       6   0.928     572
   130.6    31.6       6   0.941     571
   131.6    33.2       6   0.965     569
   130.4    33.6       6   0.947     568
   129.3    34.2       6   0.938     567
   135.5    34.7       6   0.947     565
   139.8    33.1       6   0.909     564
   139.8    35.7       6   0.887     563
   140.9    35.7       6   0.912     561
     137    35.2       6    0.96     560
   139.1    36.4       6   0.917     559
   138.1    36.4       6   0.939     558
   136.7    36.6       6   0.977     557
   139.1    37.9       6   0.907     556
   136.9    37.4       6   0.942     555
   140.9    38.3       6    0.86     554
   140.1    39.7       6   0.845     553
   127.7    34.7       6   0.916     545
   126.4    34.8       6   0.837     544
   129.4      36       6   0.912     543
   130.9    37.5       6   0.922     542
     127    37.6       6   0.907     541
   128.9    37.8       6   0.812     540
    62.1    45.8       7   0.848     442
      53      40       7   0.853     461
    80.1    44.2       7   0.766     449
    69.3    41.3       7   0.751     460
    64.6    41.7       7    0.86     459
    74.5    42.9       7   0.709     458
    68.2    43.3       7   0.806     456
    47.8    41.5       7   0.716     455
    47.6    42.8       7   0.758     454
    44.6    43.1       7   0.796     453
    76.9    43.2       7   0.766     450
    56.1    45.5       7   0.901     443
    73.1    49.8       7   0.803     435
    69.7    48.3       7   0.828     438
    54.7    49.1       7   0.954     437
    51.9    49.1       7    0.93     436
    57.2    50.3       7   0.935     434
    75.1    46.8       7   0.765     441
    51.3    51.3       7   0.875     432
    68.4    51.8       7   0.813     431
    57.4    52.2       7    0.88     430
      42    45.1       7   0.766     429
      48    46.3       7   0.919     428
    44.3    46.4       7   0.826     427
    51.9    47.1       7   0.896     439
    43.7    49.8       7   0.748     423
    45.5    51.6       7    0.75     420
    38.2      46       7   0.705     426
    45.4    46.2       7   0.845     425
    99.8    52.5       7   0.655     352
    59.8      43       7    0.88     457
    50.5    53.3       7   0.776     336
      56    53.6       7   0.851     335
    55.8    54.7       7   0.864     334
    46.7    48.2       7   0.878     424
    63.6    39.1       7   0.816     462
    57.8    56.7       7   0.813     327
    53.5    56.8       7   0.744     326
    56.2      39       7   0.835     464
    53.9    37.5       7   0.695     463
    49.2    55.8       7   0.717     315
    58.3      38       7   0.822     465
    61.7    46.8       7   0.874     440
    87.6    43.8       7   0.575     599
    81.3      44       7   0.815     598
   177.6    64.8       7   0.238     294
    81.1     6.1       8   0.352     519
    79.3     9.3       8   0.531     515
    92.8    24.8       8   0.584     497
    91.1    25.3       8    0.38     496
    91.6    26.1       8   0.375     495
    66.9    30.3       8   0.512     479
   -99.2    19.4       8   0.309     893
     -67    10.6       8   0.287     910
   122.1     6.9       8    0.25     939
   121.6    18.4       8   0.697     935
   110.3     1.5       8   0.606     931
   -52.4     4.8       8    0.24     919
   -84.4    46.5       8   0.577     863
   103.4    23.4       8   0.893     618
     113     3.2       8   0.499     932
     114     4.4       8   0.552     933
   -91.9    50.1       8    0.41     722
   -82.6    45.9       8   0.557     718
   120.3    16.1       8   0.336     936
    98.9     3.6       8   0.426     930
   110.4      20       8   0.861     627
   108.4    22.8       8   0.733     626
   116.7    23.4       8   0.872     625
   113.3    23.1       8   0.768     624
     115    25.9       8   0.655     622
   109.7    27.5       8   0.571     621
   102.7      25       8   0.779     617
    98.5      25       8    0.52     616
   102.3    27.9       8   0.716     615
    97.2    31.2       8   0.426     614
    98.1    36.3       8   0.454     605
   102.1    19.9       8   0.658     593
   102.3     2.3       8   0.401     592
   101.6     3.1       8   0.365     591
   102.3     6.2       8   0.457     590
   100.6     7.2       8   0.505     588
    99.2    10.5       8   0.721     587
    99.9    11.8       8   0.656     586
   102.1    12.6       8   0.639     585
   102.6    13.7       8    0.69     584
   100.6    13.7       8   0.765     583
   102.1      15       8   0.764     582
   100.2    15.8       8   0.755     581
   100.3    16.8       8   0.762     580
   102.8    17.4       8   0.875     579
      99    18.8       8   0.555     578
     154    24.3       8   0.469     577
   131.2    25.8       8   0.695     576
   124.2    24.3       8   0.826     574
   120.7      22       8   0.838     539
     105    16.7       8   0.814     594
   120.2      23       8   0.886     538
   118.1     5.8       8   0.465     934
  -121.8    38.5       9   0.739     806
  -111.2    39.7       9   0.594     880
  -120.1    39.2       9   0.834     882
  -110.9    32.1       9   0.788     760
  -119.4    35.6       9   0.775     883
  -110.4    44.6       9   0.789     881
  -106.9    34.1       9   0.485     879
  -111.7    33.1       9    0.79     877
  -116.6    43.6       9   0.756     859
  -122.9    42.4       9    0.69     843
  -117.8    40.9       9   0.881     841
  -112.6    42.9       9   0.866     840
  -108.7    42.8       9   0.632     839
    -112    40.8       9   0.847     838
  -106.4    42.6       9    0.73     837
  -104.8    41.1       9   0.561     836
    52.7    72.4       9   0.442     211
  -122.4    37.6       9   0.712     809
  -119.8    39.5       9   0.851     808
  -114.9    39.3       9   0.973     807
  -108.7    39.2       9   0.641     805
     166    55.2       9   0.368     408
  -119.7    36.8       9   0.747     783
  -115.2    36.1       9   0.864     782
  -106.6    35.1       9   0.535     781
  -118.2    34.1       9   0.667     765
  -111.7    33.2       9   0.832     763
  -112.9    32.4       9   0.638     761
  -106.4    31.8       9   0.261     759
  -117.2    32.7       9   0.662     764
  -110.1    31.7       9   0.537     762
   150.8    59.6       9   0.335     297
   166.1    62.4       9   0.385     296
    51.4    35.7      10   0.661     468
    59.6    36.3      10   0.525     467
   -72.5     7.9      10   0.379     916
   -69.7    11.4      10   0.434     907
   -75.5    10.5      10   0.473     905
     -69    12.2      10   0.434     904
   -61.4    10.6      10   0.425     903
   -61.1    14.6      10   0.552     901
   -61.5    16.3      10   0.482     900
    39.8    43.6      10   0.908     452
    39.1    44.1      10   0.859     451
  -110.4    24.2      10   0.168     887
    34.1    44.7      10   0.704     416
   -59.5    13.1      10   0.453     902
    40.2    37.9      10   0.873     203
    38.8    37.1      10   0.846     202
    32.5    37.9      10   0.912     201
    30.6    37.8      10   0.859     200
    30.5    38.8      10   0.955     198
    43.4    38.5      10   0.841     197
    32.9      40      10   0.939     196
    41.3    39.9      10   0.848     194
    39.5    39.7      10    0.89     193
      37    39.8      10   0.954     192
    33.8    41.4      10   0.931     191
    40.5      41      10   0.908     189
    36.3    41.3      10   0.906     188
  -156.8    71.3      10   0.299     692
   -17.5    14.7      10   0.374     661
   170.4    64.7      10     0.3     293
     168    67.3      10   0.222     289
      95    27.5      11   0.342     492
    50.7    26.3      11    0.66     473
    39.2    21.7      11   0.625     472
   167.7     8.7      11   0.329     926
      35    29.6      11    0.84     466
   -52.8    68.7      11   0.484      67
   -63.2     9.8      11    0.32     913
   -62.3    10.6      11   0.467     912
  -101.2    19.7      11   0.315     892
  -101.3      21      11   0.319     889
  -106.1    28.6      11   0.135     886
    30.2    13.2      11   0.871     675
    25.3    13.6      11   0.795     674
    33.5    14.4      11   0.677     672
    32.3      14      11   0.795     671
    36.4    15.5      11   0.809     670
    32.6    15.6      11   0.899     669
      34    17.7      11   0.924     668
    31.9    18.6      11    0.75     667
    37.2    19.6      11   0.745     666
    33.3    19.5      11   0.896     665
    32.8      24      11   0.816     664
    31.3    39.9      11   0.753     663
    91.1    29.7      11   0.395     613
     9.1    60.6      12   0.718      26
    -6.8      62      12    0.56      73
     8.5    51.2      12   0.798     130
       7    51.4      12   0.801     129
     5.3    60.4      12   0.733      25
   -15.2    64.3      12   0.245      66
    10.9    63.5      12   0.609      24
     9.6    54.5      12   0.857     118
   -21.9    64.1      12   0.165      64
    -7.3    55.4      12   0.939      62
    -6.3    53.4      12   0.948      61
    -8.9    52.7      12   0.904      60
    -8.5    51.9      12   0.867      59
   -10.3    51.9      12   0.836      58
    -6.2    54.7      12   0.957      57
     9.1    62.1      12    0.66      22
    -0.5    53.2      12   0.936      56
    -4.5    53.3      12   0.934      55
    -2.9    56.4      12   0.947      54
    10.7      60      12   0.723      32
    -7.4     4.4      12   0.313     690
    -3.2    10.3      12   0.214     689
    -3.2    55.3      12   0.973      53
     6.5    62.9      12   0.582      21
    -6.9    56.5      12   0.932      52
    -2.2    57.2      12   0.921      51
    -6.3    58.2      12   0.834      50
     8.8    58.4      12   0.746      30
    -2.9      59      12   0.842      49
    -1.2    60.1      12   0.789      48
     8.1    58.1      12   0.749      29
   100.3     5.3      12   0.289     589
     9.4    47.3      12   0.598      82
       6    49.5      12   0.702      79
     5.6    58.9      12   0.779      28
     4.4    50.8      12   0.775      78
     6.7    52.1      12   0.826      77
     4.9    59.3      12   0.699      27
     5.2    52.1      12   0.855      75
   -67.4     7.9      13   0.218     917
   138.1     9.5      13   0.262     929
   -92.3    14.9      13    0.25     895
   -22.6      64      13   0.166      63
   158.7      53      13   0.389     407
   145.9      44      13   0.798     405
   142.7    46.9      13    0.86     404
   142.2      48      13   0.882     403
   143.1    49.2      13   0.793     402
   142.2    50.9      13   0.888     401
   143.1    51.5      13   0.863     400
     131    47.7      13   0.868     394
   130.1    49.4      13    0.78     393
   132.3    50.9      13   0.794     392
   127.6    50.3      13   0.794     391
   136.5    52.4      13   0.731     390
   129.9    52.4      13   0.698     389
   140.7    53.2      13    0.72     388
     133    53.1      13   0.757     387
   128.9    54.7      13   0.716     385
   136.1    57.6      13   0.601     383
   143.2    59.4      13   0.281     382
     2.5       8      13   0.262     683
   -61.1     4.6      13   0.323     918
    93.5    42.8      13   0.474     603
   140.8    41.8      13   0.757     552
   142.8    42.2      13   0.742     551
   145.6    43.3      13   0.795     550
   141.3    43.1      13   0.817     549
   144.3      44      13    0.81     548
   141.7    45.4      13   0.873     547
    92.7    11.7      14    0.51     514
      90      26      14   0.415     494
   -63.6     8.2      14   0.421     915
   -64.7    10.1      14   0.502     911
   -67.7    10.3      14   0.482     909
   160.8    56.3      14   0.396     406
    -4.3    11.2      14     0.2     688
     0.4    12.1      14   0.654     687
    -1.5    12.4      14    0.73     686
    -0.1      14      14   0.825     685
     2.9    11.1      14   0.466     682
    41.9     9.6      14   0.649     679
    35.4      14      14   0.467     673
    -5.7    11.4      14   0.545     659
    -7.5    11.4      14   0.457     658
      -8    12.5      14   0.462     657
    -6.2    13.4      14   0.709     656
    -4.1    14.5      14   0.717     655
      12    13.2      14   0.953     654
     9.1    13.8      14   0.961     653
     7.1    13.5      14   0.929     652
     5.3    13.8      14   0.919     651
     2.2    13.5      14   0.886     650
    13.1    14.3      14   0.927     649
     5.3    14.9      14   0.961     648
     1.5    14.2      14   0.927     647
       8      17      14   0.856     646
    12.9    18.7      14   0.848     645
     5.5    22.8      14   0.647     643
   148.2    62.8      14   0.318     280
   103.6    48.8      15   0.846     522
   100.2    49.6      15   0.669     521
   -18.8    76.8      15   0.207      69
   -96.1    19.2      15   0.312     894
    85.6    50.3      15   0.634     446
   109.6    53.6      15   0.627     367
   119.8    49.2      15   0.709     595
   160.5    65.2      15    0.25     292
   110.1    44.9      15    0.86     535
   106.3    45.8      15   0.955     534
   110.7    47.3      15   0.818     533
   108.2    46.5      15   0.944     532
   107.5    47.3      15   0.877     531
   102.8    46.3      15   0.898     530
   102.8    46.6      15    0.85     529
   101.5    47.5      15   0.913     527
   114.5    48.1      15   0.648     524
   106.1    48.9      15   0.509     523
      77     8.5      16   0.169     517
   -43.1      60      16   0.601      72
    69.8    25.5      16   0.546     485
    64.4    28.9      16   0.583     481
    69.5    31.4      16   0.307     476
    70.1    33.9      16   0.437     475
    52.6    26.6      16   0.638     471
      57    30.3      16   0.429     470
   -51.8    64.2      16   0.585      68
    51.7    32.6      16   0.599     469
     -68    46.9      16   0.672     862
   -83.4    64.2      16   0.803     728
   -78.1    58.5      16   0.842     727
   -68.4    58.1      16   0.924     726
     -57    53.7      16   0.937     721
   -60.4    53.3      16   0.975     720
   -61.8    50.2      16   0.937     719
     -71    48.3      16   0.712     717
   -66.1    43.8      16    0.33     716
     -60    43.9      16   0.418     715
   -59.2    47.6      16     0.8     714
  -170.2    57.2      16   0.286     701
   -16.5      16      16   0.429     660
   -16.3    28.5      16   0.423     628
   171.4     7.1      17   0.296     927
   -69.3    10.1      17   0.399     908
    30.7    36.7      17   0.624     205
    28.4    37.2      17   0.838     204
    27.2    38.4      17   0.889     199
    26.4    40.1      17    0.89     195
    26.6    41.7      17   0.829     190
    25.2    35.3      17   0.838     187
      22    37.1      17   0.776     186
    20.9    37.8      17   0.804     185
    23.7    37.9      17   0.934     184
    23.7      38      17   0.965     183
    19.9    39.6      17   0.866     182
    14.5    35.9      17   0.713     181
    23.4    42.7      17   0.728     179
    28.6    44.2      17   0.685     178
    24.2    45.8      17   0.666     175
    27.2    31.3      17   0.668     662
    24.5    47.1      17   0.639     171
    19.3    43.4      17   0.784     165
  -123.9    46.2      18   0.785     874
  -155.1    19.7      18   0.402     923
  -157.9    21.3      18   0.348     922
  -108.3    46.9      18   0.888     878
  -122.3    47.5      18   0.777     876
  -122.9    47.1      18    0.83     875
  -117.5    47.6      18   0.885     873
  -120.5    46.6      18   0.856     872
  -111.4    47.5      18   0.861     871
    -112    46.6      18   0.876     869
  -106.6    48.2      18   0.839     868
  -100.8    46.8      18   0.739     867
   -97.2    46.9      18   0.668     866
   -92.2    46.8      18   0.468     864
  -122.6    45.6      18   0.778     861
  -118.8    45.5      18   0.802     860
  -108.5    45.8      18   0.876     858
    -107    44.8      18   0.874     857
  -103.1    44.1      18   0.791     856
   -98.2    44.4      18   0.607     854
   -25.7    37.8      18   0.296     115
   -96.4    42.4      18   0.634     834
  -115.6    51.2      18   0.891     713
  -114.1    47.3      18    0.88     870
    73.2     8.3      19   0.411     516
    77.6      13      19   0.573     513
    80.2      13      19   0.582     512
    81.2    16.2      19   0.504     511
    83.2    17.7      19   0.596     510
    78.5    17.5      19   0.846     509
    73.9    18.5      19   0.765     508
    72.8    18.9      19   0.629     507
      82    19.1      19   0.799     506
      77    20.7      19   0.863     505
    70.4    20.9      19   0.459     504
    79.1    21.1      19   0.955     503
    88.3    22.5      19   0.485     502
    75.8    22.7      19   0.915     501
    69.1    22.4      19   0.625     500
    78.8    23.9      19   0.606     499
    72.6    23.1      19   0.768     498
      73    26.3      19   0.673     493
    77.2    28.6      19   0.469     491
    73.2      28      19   0.368     490
    79.7    29.5      19   0.362     489
    74.9    31.6      19   0.426     488
    67.1    24.9      19   0.521     486
    61.8    25.1      19   0.479     484
    64.1      27      19   0.507     483
    68.7    28.3      19   0.462     482
    74.3    31.6      19   0.417     478
   123.8    13.2      19   0.457     937
    54.1      17      19   0.556     474
   -71.2     8.6      19   0.418     914
   -76.4     3.6      19   0.467     906
   -87.2    14.1      19   0.427     899
    18.5     4.4      19   0.189     681
    38.8       9      19   0.338     678
    91.7      48      20   0.719     520
    71.4    30.2      20   0.432     480
    70.9    31.8      20   0.443     477
   134.5     7.3      20   0.194     928
     -60    -3.1      20   0.219     920
   -89.7      21      20   0.249     890
    88.7      50      20   0.589     447
  -162.7    55.2      20   0.334     702
   115.9    28.6      20   0.654     623
   111.3    30.7      20   0.506     620
   113.7    34.7      20   0.652     619
   120.3    36.1      20   0.705     612
   116.3    39.9      20   0.645     611
   112.6    37.8      20   0.809     608
   106.2    38.5      20   0.853     607
     112    43.7      20   0.627     606
    98.5    39.8      20   0.905     604
    88.2      39      20   0.625     601
   104.4    43.6      20   0.904     537
   111.9    43.7      20   0.615     536
   100.1    47.6      20    0.63     528
    96.3    46.4      20   0.955     526
    96.9    47.8      20   0.848     525
   158.2       7      21    0.22     925
   130.8    42.6      21   0.954     399
   131.9    43.1      21   0.957     398
   131.4    44.4      21   0.981     397
   136.6      45      21   0.814     396
   133.7    45.9      21   0.892     395
   134.4    54.5      21   0.686     386
    -6.1       5      21   0.346     691
     2.4     6.4      21   0.248     684
    37.4    12.6      21   0.397     677
   129.5    42.9      21   0.793     609
   123.9    47.4      21   0.751     596
   169.8    66.2      21   0.277     290
