    37.4    51.2       1   0.896     419
      18    66.9       1   0.658      34
    27.6    47.2       1   0.848     172
    51.3    51.3       1   0.603     432
    16.9    52.4       1   0.877     157
    20.2    49.1       1   0.787     154
    43.7    49.8       1   0.778     423
    33.6    59.6       1   0.909     300
     6.7    52.1       1   0.799      77
    29.7    45.2       1   0.796     176
    38.2      46       1   0.658     426
     9.7    52.5       1   0.872     124
    40.5    64.5       1   0.708     228
    23.2    53.1       1   0.942     156
    13.4    52.5       1   0.874     127
    17.1    57.4       1   0.891      41
      10    53.6       1   0.874     119
    20.5    44.8       1   0.555     164
    40.9    57.7       1    0.87     312
    37.6    55.8       1   0.899     316
    26.1    44.5       1   0.651     177
    45.8    57.9       1   0.789     311
     9.1    60.6       1   0.713      26
      36    55.5       1   0.925     314
      28    57.8       1   0.936     302
    32.3    67.1       1   0.613     223
     9.1    62.1       1   0.722      22
    53.5    56.8       1   0.636     326
      21    52.2       1   0.926     158
    24.5    47.1       1   0.514     171
    11.6    52.1       1   0.877     125
    23.8    54.9       1   0.966     305
    22.5    68.4       1   0.665      33
    14.1    48.2       1   0.707     143
    45.4    46.2       1   0.655     425
    50.5    53.3       1   0.679     336
    25.1    54.6       1   0.923     306
    10.9    63.5       1   0.717      24
    21.3    45.8       1    0.52     174
    38.9    61.5       1   0.842     236
    30.5    50.4       1    0.92     412
     8.1    58.1       1   0.822      29
    14.1    52.2       1   0.879     128
    14.2    50.1       1   0.807     150
    33.1      69       1   0.578     221
    30.6    46.5       1   0.824     415
    13.5    59.4       1   0.882      38
     5.3    60.4       1   0.666      25
    42.9    62.1       1   0.765     231
    28.6    44.2       1   0.746     178
    17.9    59.4       1   0.911      39
    26.7    67.4       1   0.691      44
     6.5    62.9       1   0.599      21
    25.7    62.2       1   0.874      45
      48    46.3       1   0.643     428
    29.8    52.3       1    0.92     410
     9.6    63.7       1   0.675      23
    49.2    55.8       1   0.707     315
    28.2    61.1       1   0.892      46
    24.8    59.4       1   0.892     298
    39.7    54.6       1   0.874     318
    14.5    63.2       1   0.757      36
    14.6    53.4       1   0.907     155
    30.6    56.3       1   0.937     304
    31.2    65.2       1    0.77     226
    34.3    61.8       1   0.882     234
    17.9    62.6       1   0.783      37
      15      51       1    0.86     135
    23.6    46.8       1   0.558     173
    24.2    45.8       1   0.529     175
      20      50       1   0.859     160
    36.5      61       1   0.867     235
      42    45.1       1    0.55     429
      24    49.8       1   0.888     414
    31.1    70.4       1   0.473      19
    93.5    42.8       1   0.621     603
    14.1    57.8       1   0.914      40
    34.8      65       1   0.765     227
    19.2    47.4       1   0.682     161
    32.9      50       1   0.906     413
    10.5      59       1   0.849      31
    47.6    64.8       1   0.831     230
    21.6    47.5       1   0.633     162
    38.1    63.9       1   0.783     232
    23.2      70       1   0.518      16
    16.7    49.2       1   0.759     151
    39.9    59.3       1   0.861     310
    44.3    46.4       1   0.688     427
      44    56.3       1   0.807     313
    25.5    69.5       1   0.541      18
    13.8    51.2       1   0.841     134
    41.7      55       1   0.865     317
    19.6    66.6       1   0.663      35
    45.5    51.6       1   0.782     420
     9.6    54.5       1   0.889     118
    36.2    51.8       1   0.902     418
    30.7    61.7       1   0.888     233
    36.3    52.3       1   0.912     417
     8.8    58.4       1   0.827      30
    18.1    49.7       1   0.833     152
      21    56.5       1    0.95     303
    26.1    50.6       1   0.916     411
    23.7    52.1       1   0.948     409
    13.1    52.4       1   0.878     126
    14.4    67.3       1    0.55      20
    13.5    54.1       1   0.924     122
      24    58.1       1   0.943     301
    34.3    66.7       1   0.646     225
    12.2    51.1       1   0.876     132
    46.7    48.2       1   0.675     424
     4.9    59.3       1   0.683      27
    13.2    55.7       1   0.908      43
    12.4    51.3       1   0.853     133
    10.7      60       1   0.809      32
    18.3    57.7       1   0.901      42
    16.9    51.1       1   0.873     159
      25    60.3       1   0.914      47
    35.8    50.8       1   0.893     421
    18.2      46       1   0.674     163
    12.1    54.2       1   0.903     121
    33.8    52.6       1   0.926     309
    23.4    42.7       1   0.406     179
     5.6    58.9       1   0.742      28
    39.3    53.8       1   0.882     319
    27.5    53.9       1   0.955     308
    40.2    61.7       1   0.818     237
    37.1    67.3       1   0.611     224
      11      51       1   0.849     136
     6.6    53.1       1   0.817      76
    32.1    54.8       1   0.941     307
    30.3      60       1   0.919     299
    10.6    51.3       1   0.813     131
    16.3    48.2       1   0.792     144
    28.7    60.7       1   0.905     239
    11.4    53.6       1   0.886     120
    36.3    49.9       1   0.881     422
    41.3    52.8       1    0.84     320
     8.8    53.1       1   0.861     123
    19.2    48.6       1   0.679     153
    34.1    44.7       1   0.577     416
    12.5    55.7       1   0.895      74
    57.2    50.3       2   0.633     434
    60.5    60.7       2   0.769     264
    56.5    60.4       2   0.734     263
      90    61.6       2   0.931     261
    51.9    49.1       2   0.633     436
    50.8    61.7       2   0.737     259
    73.1    49.8       2   0.702     435
    51.9    47.1       2   0.647     439
    46.7    61.2       2   0.753     238
    61.7    46.8       2   0.574     440
    59.8      43       2   0.522     457
    60.9    64.3       2   0.676     252
    54.7    49.1       2   0.634     437
   121.8      59       2   0.805     355
    56.9      66       2   0.665     249
    81.2    51.5       2   0.821     444
    61.7    69.7       2    0.56     240
    84.6    51.7       2   0.857     445
    60.8    66.5       2   0.699     244
   118.3    56.9       2   0.759     358
    92.2    58.5       2   0.952     339
    57.1    65.1       2    0.66     250
    -7.4     4.4       2   0.239     690
   109.6    53.6       2   0.763     367
    18.9    69.7       2   0.445      14
    69.4    56.1       2   0.845     331
    87.9    63.2       2   0.921     255
   112.6    59.5       2   0.864     354
   103.6    51.5       2   0.873     374
   106.2    59.3       2   0.917     353
   112.4    68.5       2   0.576     267
    47.6    64.8       2   0.698     229
    56.1    45.5       2   0.599     443
    49.2    69.1       2   0.587     220
    71.4    51.2       2   0.715     433
   119.6    51.3       2   0.714     377
   120.4    60.4       2   0.792     283
   107.6    51.8       2   0.782     375
    91.7    53.7       2   0.775     350
   125.3    60.8       2   0.647     284
    57.4    52.2       2   0.628     430
    56.2      58       2   0.824     323
    60.6    56.8       2   0.769     328
    43.3    68.7       2   0.641     222
   125.4    58.6       2   0.842     381
    57.8    56.7       2   0.775     327
     112    49.6       2   0.766     379
    81.9    57.1       2   0.925     341
    68.4    51.8       2   0.688     431
    75.1    46.8       2    0.57     441
    80.1    44.2       2   0.629     449
   121.6    63.8       2   0.667     276
   113.1    54.6       2   0.828     365
    58.9    58.5       2   0.779     322
    63.7    56.1       2   0.813     330
   117.7    62.2       2   0.777     279
    80.3    61.1       2   0.924     260
   108.4    62.8       2   0.841     278
   114.1      72       2   0.319     215
    66.1    62.4       2   0.828     258
   108.1    57.8       2   0.904     356
   105.2    54.8       2   0.903     363
    84.9    56.5       2   0.934     342
    86.1    55.2       2   0.881     345
    92.8      56       2   0.936     343
     108    61.3       2   0.873     281
    86.4    67.5       2   0.875     243
    78.7    67.5       2   0.803     242
   113.6    54.5       2   0.772     364
      53      40       2    0.47     461
     109    53.4       2   0.815     366
   102.3    60.3       2   0.902     282
      56    53.6       2   0.588     335
    55.8    54.7       2   0.751     334
    73.4      55       2   0.859     333
   106.5    50.4       2   0.856     378
    65.4    55.5       2   0.787     332
    65.1    63.9       2    0.75     254
   128.9    71.6       2   0.305     216
   104.3    52.3       2   0.898     370
     124      54       2   0.679     369
    88.1    47.7       2   0.774     597
    68.3    58.2       2   0.848     324
    47.6    42.8       2   0.417     454
   119.7    53.8       2   0.728     368
    80.4    73.5       2   0.566     210
   109.6    55.8       2   0.834     360
   114.3    66.3       2    0.66     271
    78.2    59.2       2   0.928     337
    78.4    55.3       2   0.916     346
      98    55.9       2   0.928     344
    66.7    66.5       2   0.681     245
    72.9    66.7       2   0.784     246
    93.5    66.9       2   0.835     247
    52.3    65.4       2   0.676     248
      53    67.6       2   0.648     241
   124.9    56.8       2   0.799     359
    52.7    72.4       2   0.331     211
    89.2    53.3       2   0.813     349
    77.8    64.9       2   0.814     253
   101.8    57.3       2   0.921     357
    80.3    50.4       2   0.819     448
    56.2    62.7       2   0.742     256
    60.9    62.4       2   0.758     257
    69.7    48.3       2   0.664     438
      99    54.9       2   0.908     347
   111.6    52.5       2   0.795     371
   124.9      56       2   0.818     362
    96.4    61.7       2   0.938     262
      24    71.1       2   0.256      17
   117.7    52.3       2   0.766     373
      69      61       2   0.839     265
    77.9    60.4       2   0.884     266
    65.7    59.6       2    0.82     321
    97.5    58.4       2   0.935     340
    78.6      53       2    0.83     351
    87.9    65.8       2   0.896     251
      83    58.3       2   0.918     338
     114    70.1       2   0.422     217
   116.9    64.2       2   0.644     275
   107.6    55.2       2   0.901     361
   110.1    44.9       2   0.704     535
    80.4    73.5       2   0.686     213
   102.5      72       2   0.533     212
   100.2    64.3       2    0.86     274
   133.4    67.6       2   0.346     270
     124    68.7       2   0.612     269
   118.3    68.6       2   0.517     268
    74.4    56.9       2   0.881     329
    65.4    57.1       2   0.831     325
   -84.7    39.1       3   0.936     788
   -85.2      35       3   0.786     774
   -81.6    38.4       3   0.859     787
     -84    35.8       3    0.78     775
   -97.2    46.9       3   0.751     866
   -81.5    37.6       3   0.819     786
   -18.8    76.8       3   0.212      69
    62.1    45.8       3   0.542     442
     -80    37.3       3   0.837     785
   -71.5    43.2       3   0.774     844
    68.2    43.3       3   0.382     456
   -81.2    32.1       3   0.613     738
   -89.7    40.7       3   0.942     826
   -75.6    35.3       3   0.672     766
   -71.1    42.2       3    0.77     885
   -71.2    42.2       3    0.83     884
   -91.1    38.8       3   0.907     795
   -89.3    43.1       3   0.897     850
  -100.8    46.8       3   0.629     867
   -92.2    46.8       3   0.785     864
   -84.4    46.5       3   0.783     863
   -76.2    36.9       3   0.826     768
   -78.8    35.9       3    0.72     767
   -88.1    44.4       3   0.861     852
   -92.5    43.9       3   0.841     851
   -86.2    43.2       3    0.89     847
   -25.7    37.8       3   0.363     115
   -85.7    38.2       3   0.918     790
   -87.9      43       3   0.896     849
   -83.8      43       3   0.896     848
     -80    36.1       3   0.755     773
   -82.6    35.4       3   0.772     772
   -82.2    34.9       3   0.725     770
   -80.7    35.2       3   0.741     771
   -86.3    41.7       3   0.912     828
   -85.2      41       3    0.94     827
   -93.2    44.9       3   0.791     855
   -84.4    30.4       3   0.532     740
   -81.4    40.9       3   0.913     820
   -80.2    40.5       3   0.891     819
     -76    42.2       3   0.846     815
   -72.7    41.9       3   0.825     812
   -71.3    41.4       3   0.844     811
   -73.2    44.5       3   0.671     846
   -96.7    43.6       3   0.751     853
   -77.4    37.5       3   0.839     784
   -84.6      38       3   0.919     789
   -84.4    33.7       3   0.692     743
   -92.2    38.8       3    0.91     799
   -81.1      34       3   0.616     769
     -82    33.4       3    0.64     742
   -86.7    36.1       3   0.878     776
   -70.2    43.4       3   0.734     845
   -97.4      42       3   0.763     833
   -89.7    39.8       3   0.924     797
   -87.6    37.8       3   0.918     794
   -96.4    42.4       3   0.797     834
   -82.9      40       3    0.92     792
   -86.3    39.7       3   0.968     796
   -83.7    32.7       3   0.619     741
     -80    32.9       3   0.638     739
   -81.7    30.5       3   0.501     737
   -94.7    39.3       3    0.86     800
    53.9    37.5       3   0.416     463
   -75.7    41.3       3   0.837     814
   -97.2    49.9       3   0.655     723
   -91.9    50.1       3   0.679     722
   -93.4    37.2       3   0.897     798
   -90.5    41.5       3   0.918     830
   -82.6    38.4       3   0.886     791
   -82.6    45.9       3   0.741     718
   -93.4    48.6       3   0.739     865
   -84.2    39.9       3    0.94     793
   -73.9    40.8       3   0.828     810
   -66.1    43.8       3   0.416     716
   -88.3    17.5       3   0.344     898
   -75.4    40.7       3   0.892     816
   -71.1    42.5       3   0.742     813
   -87.9      42       3   0.926     825
   -78.7    42.9       3   0.877     823
   -83.5    41.6       3   0.932     829
   -80.7    41.3       3   0.903     821
   -93.7    41.5       3   0.862     831
   -76.1    43.1       3   0.798     818
   -95.6    39.1       3   0.826     803
   -77.7    43.1       3    0.85     824
   -80.2    42.1       3   0.914     822
   -98.2    44.4       3   0.734     854
   -73.8    42.8       3   0.793     817
    -6.8      62       4   0.404      73
    74.8    34.1       4   0.302     487
    79.9    37.1       4   0.388     602
   -61.1     4.6       4   0.206     918
    76.9    43.2       4   0.535     450
   138.1    36.4       4   0.939     558
    64.6    41.7       4   0.437     459
   130.8    42.6       4   0.814     399
   131.9    43.1       4   0.808     398
   131.4    44.4       4   0.745     397
   139.8    33.1       4   0.761     564
   138.2    34.6       4   0.908     562
   126.5    33.5       4   0.845     546
   135.8    33.5       4    0.87     566
   145.6    43.3       4    0.74     550
     137    35.2       4   0.924     560
   140.8    41.8       4   0.902     552
   129.9    32.7       4   0.872     570
   111.3    30.7       4   0.465     620
   120.3    36.1       4   0.689     612
   129.5    42.9       4    0.71     609
    88.2      39       4   0.592     601
      76    39.5       4   0.455     600
    81.3      44       4   0.531     598
   136.6      45       4   0.778     396
   131.4    31.9       4   0.765     572
   130.6    31.6       4   0.777     571
   140.9    38.3       4   0.938     554
   131.6    33.2       4   0.877     569
   130.4    33.6       4   0.889     568
   129.3    34.2       4   0.888     567
   135.5    34.7       4   0.932     565
   139.8    35.7       4   0.946     563
   140.9    35.7       4   0.904     561
   139.1    36.4       4   0.949     559
   136.7    36.6       4   0.965     557
   139.1    37.9       4   0.968     556
   136.9    37.4       4   0.968     555
   140.1    39.7       4   0.937     553
   142.8    42.2       4   0.833     551
   141.3    43.1       4   0.861     549
   144.3      44       4   0.789     548
   141.7    45.4       4   0.789     547
   127.7    34.7       4   0.856     545
   126.4    34.8       4   0.881     544
   129.4      36       4   0.889     543
   130.9    37.5       4   0.904     542
     127    37.6       4   0.823     541
   128.9    37.8       4     0.9     540
     9.2    48.8       5   0.864     138
      13    50.4       5   0.791     137
     7.2    43.6       5   0.895      97
    -0.7    44.8       5     0.9      92
    -5.5    40.9       5   0.846     105
    -9.1    38.7       5   0.783     117
   -16.9    32.6       5   0.493     116
    -2.4    36.9       5   0.644     113
    -5.9    37.4       5   0.766     112
    -6.8    38.9       5   0.765     111
    -5.4    36.2       5   0.704     114
   -16.3    28.5       5   0.435     628
    -3.6    40.5       5   0.872     106
    -0.4    39.5       5   0.773     109
    -3.7    40.4       5   0.876     108
      16    45.8       5   0.704     167
    15.4    44.5       5   0.716     168
      -1    41.7       5   0.862     104
    -4.7    41.7       5   0.856     103
    -3.6    42.4       5   0.904     102
    15.2    46.2       5   0.739     166
    -3.8    43.5       5   0.823     101
     2.9    42.7       5   0.931      98
    -3.2    10.3       5    0.24     689
    -4.3    11.2       5   0.266     688
    13.8    45.7       5   0.777     180
       4    43.6       5   0.953      95
     1.4    43.6       5   0.932      94
     4.7    44.6       5   0.941      93
   -17.5    14.7       5    0.29     661
   -16.5      16       5   0.484     660
     5.1    47.3       5   0.913      91
    -2.5    41.8       5   0.907     107
     2.4    47.1       5   0.906      90
    16.4    43.5       5   0.662     169
    -1.6    47.2       5   0.807      89
     7.6    48.6       5   0.834      88
     3.1    50.6       5   0.764      86
       9      46       5   0.897      85
    17.8    43.4       5   0.606     170
     7.3    46.2       5   0.877      84
       0      40       5    0.85     110
     6.1    46.3       5   0.935      83
    -8.4    43.4       5   0.806     100
     5.2    43.5       5   0.908      96
     9.4    47.3       5   0.782      82
     8.6    47.4       5   0.903      81
     7.6    47.5       5   0.909      80
    14.3    46.6       5   0.693     149
       6    49.5       5   0.843      79
    14.3    46.7       5   0.754     148
    13.7    46.6       5   0.768     147
      13    47.8       5   0.765     146
      13    47.1       5   0.708     145
     4.4    50.8       5   0.772      78
      11    47.8       5   0.872     142
      11    47.4       5   0.766     141
    11.6    48.2       5   0.772     140
    12.1    49.1       5   0.777     139
     -60    -3.1       6   0.359     920
  -131.6      55       6   0.836     706
    70.1    33.9       6   0.187     475
  -151.5    59.6       6   0.857     704
  -150.1    62.3       6   0.936     698
   -52.4     4.8       6   0.357     919
   -72.5     7.9       6   0.494     916
   -75.5    10.5       6   0.313     905
  -114.8    55.3       6   0.655     708
     -69    12.2       6   0.379     904
     -66    18.4       6   0.498     897
   -18.1    65.7       6    0.28      65
  -111.2    39.7       6   0.528     880
  -124.2    40.8       6   0.578     842
   -21.9    64.1       6   0.347      64
   -22.6      64       6   0.325      63
  -139.1    64.1       6   0.888     732
  -135.1    60.7       6   0.908     731
  -122.6    58.8       6   0.733     729
  -126.6    49.4       6   0.718     725
  -105.7    53.2       6   0.508     724
  -127.4    50.7       6   0.767     711
  -131.8    53.3       6   0.731     709
  -117.2    58.6       6   0.621     707
  -139.7    59.5       6   0.901     705
  -156.7    58.7       6   0.755     703
  -162.7    55.2       6   0.421     702
    -150    61.2       6   0.933     700
  -147.9    64.8       6   0.878     699
  -155.6      63       6   0.812     697
  -165.4    64.5       6   0.697     695
  -162.6    66.9       6   0.719     693
  -156.8    71.3       6   0.428     692
  -110.3    54.4       6   0.613     712
  -127.2    54.8       6     0.7     730
  -151.5    66.9       6   0.832     694
  -161.8    60.8       6   0.662     696
   -61.5    16.3       6    0.41     900
      35    29.6       7    0.69     466
    47.8    41.5       7   0.378     455
    44.6    43.1       7   0.413     453
    38.8    37.1       7   0.807     202
    30.7    36.7       7   0.766     205
    28.4    37.2       7   0.835     204
    40.2    37.9       7   0.773     203
    32.5    37.9       7   0.943     201
    30.6    37.8       7   0.917     200
    27.2    38.4       7   0.861     199
    30.5    38.8       7   0.957     198
    43.4    38.5       7   0.682     197
    32.9      40       7   0.935     196
    26.4    40.1       7   0.789     195
    41.3    39.9       7   0.717     194
    39.5    39.7       7   0.817     193
      37    39.8       7   0.891     192
    33.8    41.4       7   0.871     191
    26.6    41.7       7   0.624     190
    40.5      41       7   0.851     189
    36.3    41.3       7   0.867     188
    25.2    35.3       7   0.719     187
     -60    43.9       7   0.324     715
      22    37.1       7    0.56     186
    20.9    37.8       7   0.631     185
    23.7    37.9       7   0.796     184
    23.7      38       7   0.705     183
    19.9    39.6       7   0.583     182
    52.6    26.6       7   0.455     471
    37.2    19.6       7    0.42     666
    31.3    39.9       7   0.621     663
    27.2    31.3       7    0.46     662
    -7.5    11.4       7   0.313     658
      -8    12.5       7   0.343     657
    39.8    43.6       7   0.834     452
    39.1    44.1       7   0.782     451
   -69.7    11.4       8    0.38     907
   -59.5    13.1       8   0.297     902
     138      76       8    0.38     214
    -7.7    33.6       8   0.614     630
     2.8      36       8   0.859     638
    -2.2    31.6       8   0.801     642
     3.3    36.7       8   0.928     634
     8.8    41.9       8   0.827      99
     -67    10.6       8   0.257     910
    14.5    35.9       8   0.744     181
    38.8       9       8   0.343     678
    37.4    12.6       8   0.253     677
    10.2    36.8       8   0.906     644
     5.7    34.8       8   0.882     641
    -0.6    35.6       8   0.838     640
     8.1    35.5       8   0.897     639
     2.2    36.3       8   0.917     637
     1.3    36.2       8   0.893     636
     6.6    36.3       8   0.931     635
     7.8    36.8       8   0.914     633
    -6.9    30.9       8   0.695     632
    -8.8    31.6       8   0.574     631
    -5.5    33.9       8     0.6     629
    19.3    43.4       8   0.495     165
     8.5    51.2       9   0.784     130
       7    51.4       9   0.784     129
    -7.3    55.4       9   0.952      62
    -6.3    53.4       9   0.937      61
    -6.2    54.7       9   0.966      57
    -8.5    51.9       9    0.89      59
   -10.3    51.9       9   0.874      58
    -0.5    53.2       9   0.951      56
    -4.5    53.3       9   0.967      55
    -2.9    56.4       9   0.946      54
    -8.9    52.7       9   0.924      60
    -3.2    55.3       9   0.979      53
    -6.9    56.5       9   0.935      52
    -2.2    57.2       9   0.907      51
    -6.3    58.2       9    0.87      50
    -4.4    48.5       9    0.77      87
    -2.9      59       9   0.833      49
    -1.2    60.1       9   0.725      48
     5.2    52.1       9   0.834      75
    64.1      27      10   0.563     483
    64.4    28.9      10   0.588     481
    66.9    30.3      10    0.45     479
    70.9    31.8      10   0.315     477
    69.5    31.4      10   0.342     476
    58.3      38      10   0.412     465
    56.2      39      10    0.43     464
    69.3    41.3      10   0.465     460
    74.5    42.9      10   0.431     458
   -87.2    14.1      10   0.298     899
   108.4    22.8      10    0.89     626
    63.6    39.1      10   0.475     462
   110.4      20      10   0.819     627
   116.7    23.4      10   0.941     625
   113.3    23.1      10   0.887     624
   115.9    28.6      10   0.747     623
     115    25.9      10   0.901     622
   109.7    27.5      10   0.772     621
   106.2    38.5      10    0.62     607
   131.2    25.8      10   0.539     576
   127.7    26.2      10   0.704     575
   124.2    24.3      10   0.797     574
   129.5    28.4      10   0.662     573
   120.7      22      10   0.675     539
   120.2      23      10   0.887     538
     166    55.2      11   0.405     408
   145.9      44      11   0.752     405
   142.7    46.9      11   0.816     404
   142.2      48      11   0.835     403
   143.1    49.2      11   0.807     402
   142.2    50.9      11   0.869     401
   143.1    51.5      11   0.867     400
   133.7    45.9      11   0.736     395
     131    47.7      11   0.838     394
   130.1    49.4      11   0.849     393
   132.3    50.9      11   0.822     392
   127.6    50.3      11   0.823     391
   136.5    52.4      11   0.867     390
   129.9    52.4      11   0.854     389
   140.7    53.2      11   0.879     388
     133    53.1      11   0.935     387
   134.4    54.5      11   0.901     386
   128.9    54.7      11   0.788     385
   136.1    57.6      11   0.655     383
   138.2    56.5      11   0.811     384
   143.2    59.4      11   0.392     382
     2.9    11.1      11   0.259     682
    39.6     0.5      11   0.225     680
   158.7      53      11   0.531     407
   134.5    60.4      11   0.588     286
   129.7      62      11   0.654     285
   123.4    66.8      11   0.622     272
    81.1     6.1      12   0.438     519
    79.9     6.9      12   0.499     518
    73.2     8.3      12   0.298     516
    79.3     9.3      12   0.403     515
    92.7    11.7      12   0.499     514
    77.6      13      12   0.503     513
    92.8    24.8      12   0.459     497
   122.1     6.9      12   0.248     939
   171.4     7.1      12   0.384     927
   121.6    18.4      12   0.512     935
     114     4.4      12   0.577     933
     113     3.2      12   0.492     932
   110.3     1.5      12   0.608     931
   -51.8    64.2      12   0.573      68
   167.7     8.7      12   0.344     926
   158.2       7      12   0.302     925
   -63.6     8.2      12   0.342     915
   -99.2    19.4      12   0.329     893
  -101.2    19.7      12   0.207     892
   -71.2     8.6      12   0.374     914
    98.9     3.6      12   0.594     930
   138.1     9.5      12   0.333     929
   118.1     5.8      12   0.532     934
    54.1      17      12   0.475     474
   120.3    16.1      12   0.693     936
   103.4    23.4      12   0.784     618
   102.7      25      12    0.71     617
   102.3    27.9      12    0.54     615
    91.1    29.7      12   0.532     613
     105    16.7      12   0.685     594
   102.1    19.9      12   0.572     593
   102.3     2.3      12   0.511     592
   101.6     3.1      12   0.336     591
   102.3     6.2      12   0.573     590
   100.3     5.3      12   0.389     589
   100.6     7.2      12   0.499     588
    99.2    10.5      12   0.762     587
    99.9    11.8      12    0.85     586
   102.1    12.6      12    0.62     585
   102.6    13.7      12   0.887     584
   100.6    13.7      12   0.875     583
   102.1      15      12   0.926     582
   100.2    15.8      12   0.934     581
   100.3    16.8      12   0.915     580
   102.8    17.4      12   0.885     579
      99    18.8      12   0.874     578
     154    24.3      12    0.44     577
    80.2      13      13   0.342     512
    83.2    17.7      13   0.311     510
   -37.6    65.6      13   0.478      71
      90      26      13   0.381     494
      95    27.5      13    0.52     492
     -22    70.5      13   0.352      70
    61.8    25.1      13   0.441     484
    71.4    30.2      13   0.398     480
   -63.2     9.8      13   0.282     913
   -64.7    10.1      13   0.388     911
   -67.7    10.3      13   0.321     909
   -15.2    64.3      13   0.257      66
    14.2    78.1      13   0.234     208
    58.1    80.6      13    0.14     206
     0.4    12.1      13   0.448     687
    -1.5    12.4      13   0.555     686
    -0.1      14      13   0.858     685
    41.9     9.6      13   0.463     679
     8.7    70.9      13   0.247      12
    -5.7    11.4      13   0.262     659
    -6.2    13.4      13   0.562     656
    -4.1    14.5      13   0.697     655
      12    13.2      13   0.902     654
     9.1    13.8      13    0.96     653
     7.1    13.5      13   0.898     652
     5.3    13.8      13   0.871     651
     2.2    13.5      13   0.841     650
    13.1    14.3      13   0.852     649
     5.3    14.9      13   0.957     648
     1.5    14.2      13   0.923     647
       8      17      13   0.925     646
    12.9    18.7      13   0.825     645
     5.5    22.8      13   0.551     643
    97.2    31.2      13   0.536     614
    98.1    36.3      13   0.398     605
      19    74.5      13   0.173      15
    15.5    78.3      13   0.231      13
   -96.1    19.2      14   0.338     894
  -101.3      21      14   0.247     889
   -97.9    22.2      14   0.381     888
  -100.6    41.5      14   0.701     835
   -98.3      41      14   0.761     832
  -101.7    39.4      14   0.715     804
    -100    37.8      14   0.857     802
   -97.4    37.7      14   0.889     801
  -101.7    35.2      14   0.881     780
   -95.9    36.2      14   0.929     779
   -97.6    35.4      14   0.925     778
   -94.4    35.3      14   0.891     777
   -99.7    32.4      14   0.914     757
  -102.2      32      14    0.75     756
  -100.5    31.4      14   0.862     755
   -97.2    31.6      14   0.932     754
   -97.7    30.3      14   0.877     753
   -98.5    29.5      14   0.845     752
   -97.4    25.9      14   0.757     751
   -93.8    32.5      14   0.874     750
   -95.3    29.7      14   0.752     749
   -94.8    29.3      14   0.849     748
   -88.8    32.3      14   0.673     747
   -90.3      30      14   0.679     746
  -101.8    33.7      14   0.852     758
   -86.4    32.3      14   0.574     745
   -88.2    30.7      14   0.679     744
   -89.7      21      14   0.245     890
   -62.3    10.6      15   0.282     912
  -119.4    35.6      15   0.759     883
  -116.6    43.6      15   0.748     859
    -107    44.8      15   0.649     857
  -122.9    42.4      15     0.7     843
  -117.8    40.9      15   0.919     841
  -112.6    42.9      15   0.904     840
  -108.7    42.8      15   0.663     839
    -112    40.8      15   0.935     838
  -106.4    42.6      15   0.752     837
  -104.8    41.1      15   0.624     836
  -122.4    37.6      15   0.564     809
  -119.8    39.5      15    0.85     808
  -114.9    39.3      15    0.91     807
  -121.8    38.5      15    0.68     806
  -108.7    39.2      15   0.673     805
  -120.1    39.2      15   0.826     882
  -119.7    36.8      15    0.71     783
  -115.2    36.1      15   0.859     782
  -118.2    34.1      15   0.474     765
  -117.2    32.7      15   0.594     764
  -110.4    44.6      15   0.741     881
   103.6    48.8      16   0.893     522
   100.2    49.6      16   0.702     521
    91.7      48      16   0.471     520
   -69.3    10.1      16   0.204     908
   -77.5    25.1      16   0.464     896
  -104.3    19.1      16   0.186     891
    88.7      50      16   0.597     447
    85.6    50.3      16   0.559     446
   116.5    50.4      16   0.796     380
   110.5    51.3      16    0.72     376
   -81.3    28.4      16   0.506     736
   -80.1    26.7      16   0.522     735
   -80.1    25.8      16    0.44     734
   -81.8    24.6      16   0.432     733
   113.5    52.1      16   0.708     372
    99.8    52.5      16   0.875     352
     2.4     6.4      16    0.43     684
     2.5       8      16   0.319     683
   113.7    34.7      16   0.522     619
   116.3    39.9      16   0.719     611
   123.5    41.7      16   0.732     610
   112.6    37.8      16   0.639     608
     112    43.7      16   0.574     606
    98.5    39.8      16   0.606     604
    87.6    43.8      16   0.628     599
   123.9    47.4      16   0.762     596
   119.8    49.2      16   0.799     595
   104.4    43.6      16    0.85     537
   111.9    43.7      16   0.555     536
   106.3    45.8      16   0.884     534
   110.7    47.3      16   0.739     533
   108.2    46.5      16   0.806     532
   107.5    47.3      16   0.775     531
   102.8    46.3      16   0.967     530
   102.8    46.6      16   0.855     529
   100.1    47.6      16   0.682     528
   101.5    47.5      16   0.935     527
    96.3    46.4      16   0.781     526
    96.9    47.8      16   0.945     525
   114.5    48.1      16   0.775     524
   106.1    48.9      16   0.696     523
  -106.9    34.1      17   0.881     879
  -111.7    33.1      17   0.918     877
   160.8    56.3      17   0.371     406
  -106.6    35.1      17   0.851     781
  -111.7    33.2      17   0.903     763
  -110.1    31.7      17   0.725     762
  -112.9    32.4      17   0.869     761
  -110.9    32.1      17   0.949     760
  -106.4    31.8      17   0.796     759
   150.8    59.6      17   0.504     297
   143.2    63.3      17   0.487     277
  -123.9    46.2      18   0.727     874
   134.5     7.3      18   0.344     928
  -155.1    19.7      18   0.406     923
   -61.4    10.6      18   0.291     903
  -108.3    46.9      18   0.687     878
  -122.3    47.5      18   0.898     876
  -122.9    47.1      18   0.889     875
  -117.5    47.6      18   0.964     873
  -120.5    46.6      18   0.959     872
  -111.4    47.5      18   0.713     871
  -114.1    47.3      18   0.905     870
    -112    46.6      18   0.742     869
  -106.6    48.2      18   0.628     868
  -122.6    45.6      18   0.916     861
  -118.8    45.5      18   0.943     860
  -108.5    45.8      18   0.651     858
  -103.1    44.1      18   0.592     856
     104    77.7      18   0.193     209
  -115.6    51.2      18   0.749     713
  -122.5      53      18   0.679     710
    81.2    16.2      19   0.412     511
    78.5    17.5      19   0.798     509
    73.9    18.5      19   0.853     508
    72.8    18.9      19     0.6     507
      82    19.1      19    0.69     506
      77    20.7      19   0.915     505
    70.4    20.9      19   0.462     504
    79.1    21.1      19   0.931     503
    88.3    22.5      19   0.471     502
    75.8    22.7      19   0.911     501
    69.1    22.4      19    0.52     500
    78.8    23.9      19   0.853     499
    72.6    23.1      19   0.784     498
      73    26.3      19   0.668     493
    77.2    28.6      19     0.5     491
    73.2      28      19   0.482     490
    74.9    31.6      19   0.488     488
    67.1    24.9      19   0.498     486
    69.8    25.5      19   0.444     485
    68.7    28.3      19   0.429     482
    74.3    31.6      19   0.513     478
     125    11.2      19   0.423     938
   123.8    13.2      19   0.569     937
   151.9     7.5      19   0.231     924
   -76.4     3.6      19   0.422     906
    18.5     4.4      19   0.228     681
   -67.4     7.9      20   0.285     917
   -92.3    14.9      20   0.255     895
   178.5      71      20   0.431     219
     148    70.6      20   0.523     218
  -170.2    57.2      20   0.551     701
    -6.1       5      20   0.231     691
    83.5    53.4      20   0.213     348
   166.1    62.4      20   0.918     296
   152.4    62.9      20    0.62     295
   177.6    64.8      20   0.865     294
   170.4    64.7      20   0.926     293
   160.5    65.2      20   0.839     292
   150.9    65.7      20   0.623     291
   169.8    66.2      20   0.702     290
     168    67.3      20   0.955     289
     153    67.5      20   0.578     288
   164.2    68.1      20   0.873     287
   148.2    62.8      20    0.49     280
   143.2    66.4      20   0.374     273
   -43.1      60      21   0.509      72
      57    30.3      21   0.286     470
    59.6    36.3      21   0.468     467
  -157.9    21.3      21   0.236     922
   -52.8    68.7      21   0.543      67
   -61.1    14.6      21   0.362     901
     -68    46.9      21   0.609     862
      77    79.5      21   0.182     207
   -83.4    64.2      21    0.83     728
   -78.1    58.5      21   0.878     727
   -68.4    58.1      21   0.972     726
     -57    53.7      21   0.921     721
   -60.4    53.3      21   0.943     720
   -61.8    50.2      21   0.886     719
     -71    48.3      21   0.566     717
   -59.2    47.6      21   0.649     714
    34.1    12.7      21   0.237     676
      77     8.5      22   0.284     517
    91.1    25.3      22    0.53     496
    91.6    26.1      22   0.419     495
    79.7    29.5      22   0.494     489
    50.7    26.3      22   0.451     473
    39.2    21.7      22   0.545     472
    51.7    32.6      22   0.497     469
    51.4    35.7      22   0.557     468
  -159.4      22      22   0.209     921
  -110.4    24.2      22   0.435     887
  -106.1    28.6      22   0.299     886
    30.2    13.2      22   0.934     675
    25.3    13.6      22   0.763     674
    35.4      14      22   0.385     673
    33.5    14.4      22   0.724     672
    32.3      14      22   0.883     671
    36.4    15.5      22   0.869     670
    32.6    15.6      22    0.94     669
      34    17.7      22   0.918     668
    31.9    18.6      22    0.68     667
    33.3    19.5      22   0.817     665
    32.8      24      22   0.654     664
    98.5      25      22   0.582     616
