   5.014   9.529   6.209   4.414    7.26     5.6   3.684   1.571   5.459   4.648   1.801    3.72    9.37   8.836   7.739   14.24   2.699   7.866   4.962
   4.929   9.552   6.169    4.29   7.211   5.539   3.685   1.575   5.432   4.612   1.736   3.659   9.432   8.838    7.74   14.28   2.612   7.766   4.931
   4.886   9.633   6.131   4.158   7.139   5.474   3.669   1.578    5.38   4.585   1.641   3.583   9.519   8.836   7.728   14.34   2.518   7.616   4.887
   4.896   9.766   6.098   4.025   7.055   5.409   3.639   1.583   5.299   4.571   1.519   3.494   9.628   8.828   7.705   14.41   2.425    7.42   4.837
   4.964   9.933   6.071   3.898    6.97   5.347   3.598   1.591   5.191   4.574    1.38   3.397   9.745   8.812   7.667   14.51   2.342    7.19   4.788
   5.085   10.12   6.052   3.782   6.892    5.29   3.551   1.606   5.065   4.596   1.239   3.297   9.861   8.789   7.617   14.61   2.277   6.941   4.746
   5.248   10.32   6.041    3.68    6.83    5.24   3.506    1.63   4.927   4.642   1.113   3.202   9.972   8.761   7.557   14.72   2.237   6.694   4.713
   5.433    10.5   6.038   3.595   6.789   5.195   3.469   1.666   4.789    4.71   1.025   3.118   10.06   8.731   7.494   14.84   2.225   6.469   4.691
    5.62   10.65   6.041   3.528    6.77   5.158   3.446   1.717   4.666   4.797  0.9873    3.05   10.12   8.705   7.433   14.96   2.245   6.286    4.68
   5.786   10.77   6.049   3.478   6.773   5.128   3.443   1.781   4.569     4.9  0.9953   3.004   10.16   8.688   7.385   15.07   2.293   6.164   4.677
   5.914   10.82   6.061   3.445   6.794   5.107   3.461   1.857   4.511   5.009   1.033   2.984   10.15   8.684   7.356   15.17   2.363   6.117   4.677
    5.99   10.83   6.075   3.431   6.825   5.094     3.5   1.937   4.495   5.115   1.085   2.989   10.11     8.7   7.354   15.26   2.447   6.153   4.676
   6.008   10.78   6.087   3.434   6.859   5.093   3.556   2.015   4.525    5.21   1.138    3.02   10.05    8.74   7.381   15.33   2.535   6.272   4.672
   5.968   10.67   6.095   3.455   6.889   5.102   3.623   2.086   4.597   5.285   1.186   3.072   9.965   8.807   7.441   15.38   2.617   6.469    4.66
   5.876   10.53   6.099   3.492    6.91   5.126   3.693   2.139   4.707   5.334   1.227   3.143   9.869     8.9   7.529   15.41   2.684   6.731   4.641
   5.744   10.38   6.096   3.546   6.917   5.163    3.76   2.173   4.846   5.353   1.261   3.227   9.774   9.017   7.641   15.41   2.729   7.042   4.616
   5.588   10.23   6.087   3.613    6.91   5.213    3.82   2.182   5.006   5.343   1.289   3.319   9.694   9.152    7.77    15.4   2.749   7.384   4.587
   5.427   10.11    6.07   3.692   6.888   5.276   3.866   2.165   5.175   5.308   1.315   3.415   9.635   9.295   7.906   15.37   2.739   7.729   4.559
   5.279   10.06   6.046   3.778   6.858   5.348   3.895   2.123   5.343   5.253    1.34   3.509   9.609   9.436   8.039   15.33   2.702    8.06   4.536
   5.162   10.06   6.017   3.867   6.823   5.426   3.905    2.06     5.5   5.184   1.359   3.596   9.615   9.569   8.164   15.28   2.642   8.354   4.524
    5.09   10.12   5.981   3.953    6.79   5.508   3.895   1.982   5.637   5.111   1.373   3.674   9.647    9.68    8.27   15.22   2.565   8.597   4.528
    5.07   10.24   5.941   4.033   6.762   5.587   3.865   1.898   5.743   5.042   1.379   3.741   9.697   9.769   8.357   15.16   2.482   8.772   4.552
   5.102   10.35   5.896   4.103   6.742   5.662   3.823   1.823   5.811   4.984   1.373   3.796   9.748    9.83   8.422   15.08   2.402   8.878   4.597
   5.178   10.47    5.85   4.158   6.733   5.729   3.767   1.766   5.837   4.944   1.361   3.842   9.786   9.865   8.469      15   2.337   8.906   4.664
   5.286   10.54   5.803   4.195   6.731   5.785   3.711   1.737   5.821   4.923   1.348   3.881   9.803   9.876   8.501   14.92   2.294   8.867   4.747
   5.409   10.55   5.759   4.214   6.733   5.829    3.66   1.738   5.769   4.922   1.344    3.92   9.784   9.871   8.525   14.82   2.277   8.766   4.841
   5.534   10.48   5.721   4.216   6.734   5.861   3.626   1.768    5.69   4.941   1.359    3.96    9.72   9.854    8.55   14.71   2.289    8.62   4.937
   5.646   10.34   5.692     4.2   6.728   5.882   3.612    1.82   5.597   4.972   1.399   4.006   9.616   9.839   8.583   14.59   2.323   8.444   5.026
   5.734   10.12   5.678   4.171    6.71   5.892   3.619   1.881   5.503   5.011   1.465   4.057   9.474    9.83   8.628   14.46   2.377   8.257   5.099
    5.79   9.858    5.68    4.13   6.677   5.895   3.643   1.939   5.424    5.05   1.548   4.114   9.309    9.83   8.688   14.32   2.441   8.073   5.148
   5.809   9.552   5.702   4.084   6.626    5.89   3.683   1.986   5.371    5.08   1.637   4.173   9.128   9.848   8.763   14.17   2.508   7.908   5.169
   5.793   9.232   5.742   4.038    6.56   5.879   3.727   2.012   5.349   5.097    1.72   4.228   8.953   9.885   8.849   14.03   2.572   7.767    5.16
   5.744   8.927   5.802   3.996   6.479   5.862   3.772   2.014   5.355   5.096   1.786   4.274     8.8   9.933   8.936    13.9   2.625   7.657   5.122
   5.672   8.664   5.876   3.963    6.39   5.837   3.812    1.99   5.382   5.077   1.826   4.305   8.687   9.996   9.016   13.79   2.662   7.574   5.063
   5.589   8.474   5.961   3.941   6.301   5.806    3.84   1.941   5.422    5.04   1.833   4.316   8.625   10.07   9.076    13.7   2.678   7.513    4.99
   5.507   8.387   6.053   3.933   6.226   5.765   3.854   1.869   5.462   4.993   1.806   4.304   8.628   10.14   9.109   13.65   2.671   7.466   4.918
   5.439   8.429   6.146   3.937   6.178   5.714    3.85   1.777   5.493    4.94   1.744   4.266   8.696   10.21   9.106   13.64   2.642   7.423    4.86
   5.397   8.613   6.233   3.952   6.174   5.653   3.828   1.672   5.509   4.891    1.65   4.205   8.827   10.27    9.06   13.66   2.596   7.376   4.834
   5.386   8.937   6.309   3.973   6.228    5.58   3.787   1.561   5.507   4.854   1.529   4.119   9.011   10.31   8.974   13.72   2.538   7.318   4.849
   5.409   9.381   6.372   3.996   6.344   5.497   3.732   1.451   5.487   4.836   1.388   4.015   9.237   10.34   8.849   13.82   2.479   7.245   4.913
   5.464   9.904   6.418   4.017   6.521   5.405   3.667   1.359   5.452    4.84   1.237   3.896   9.482   10.35   8.693   13.94   2.435   7.152   5.026
   5.542   10.46   6.446   4.031    6.75    5.31   3.598   1.295   5.407   4.868   1.087    3.77   9.723   10.35   8.515   14.07   2.414    7.04   5.177
   5.634   11.01   6.455   4.036   7.009   5.214   3.536   1.274   5.358   4.917  0.9546   3.644   9.949   10.34   8.328   14.21   2.426   6.911   5.357
   5.732    11.5   6.449   4.029   7.277   5.123    3.49   1.301   5.309   4.982  0.8618   3.526   10.14    10.3   8.147   14.34   2.471   6.769   5.546
   5.826   11.91    6.43   4.008   7.529   5.043   3.463   1.373   5.267   5.056  0.8366   3.427   10.29   10.27   7.987   14.46   2.541   6.618   5.729
   5.909   12.19   6.402   3.976    7.74   4.982   3.461   1.478   5.232   5.131  0.8804   3.355   10.37   10.22   7.861   14.56   2.627   6.468   5.889
   5.976   12.35   6.372   3.934    7.89   4.945   3.478     1.6   5.207     5.2  0.9669   3.317    10.4   10.18   7.779   14.63   2.714   6.326   6.014
   6.024   12.37   6.345   3.887   7.966   4.938   3.509   1.723   5.191   5.257   1.078   3.319   10.38   10.13   7.744   14.67   2.791   6.201   6.092
   6.052   12.26   6.327   3.841   7.957   4.963   3.543   1.829   5.183   5.298   1.198    3.36   10.31   10.09   7.759   14.67   2.846   6.102   6.118
   6.062   12.02   6.322     3.8   7.862   5.018   3.575   1.912   5.177   5.316   1.316   3.434    10.2   10.03   7.816   14.65   2.873   6.037   6.089
   6.057    11.7   6.332    3.77   7.685     5.1   3.596   1.963   5.172   5.311   1.424   3.533   10.08   9.977   7.906    14.6   2.868   6.013   6.008
   6.042   11.32   6.359   3.755   7.433   5.202   3.602    1.98   5.161   5.282   1.515   3.648   9.957   9.915   8.017   14.54   2.831   6.034    5.88
   6.022   10.88   6.401   3.759   7.128   5.315    3.59   1.965    5.14   5.232   1.583   3.766   9.841   9.845   8.135   14.47   2.766     6.1   5.715
   6.003   10.47   6.454   3.781   6.787   5.432   3.559   1.921   5.106   5.163   1.626   3.878   9.752   9.771   8.247    14.4   2.679   6.212   5.527
    5.99   10.08   6.516   3.819   6.434   5.544   3.513   1.857   5.057   5.084   1.644   3.974   9.699   9.694   8.341   14.34    2.58   6.362   5.332
   5.987   9.741    6.58   3.871   6.098   5.642   3.452   1.779   4.995   5.001   1.637    4.05   9.685    9.61   8.405    14.3   2.476   6.542   5.144
   5.992   9.487   6.642    3.93   5.807   5.721   3.382   1.698   4.922   4.924    1.61     4.1   9.707   9.528   8.438   14.28   2.383   6.743   4.982
   6.005    9.32   6.696   3.993   5.584   5.779    3.31   1.625   4.845   4.859   1.568   4.124   9.763   9.456   8.432   14.27   2.308   6.951   4.858
   6.018    9.24   6.741   4.052   5.451   5.811   3.244   1.568    4.77   4.814   1.519   4.124   9.831   9.397   8.393   14.29   2.262   7.153   4.782
   6.025   9.239   6.772   4.107   5.416   5.821   3.189   1.539   4.704   4.791   1.471   4.102   9.906   9.362   8.324   14.33    2.25   7.337   4.754
   6.018   9.299   6.788   4.152   5.478    5.81   3.155    1.54   4.652   4.791   1.432   4.065   9.972   9.357   8.236   14.38   2.273    7.49   4.769
    5.99   9.397   6.788   4.187   5.623   5.785   3.146   1.574   4.616   4.811   1.405   4.017   10.02   9.389   8.137   14.42   2.327   7.602   4.819
   5.939   9.516    6.77   4.211   5.828    5.75   3.165   1.638   4.601   4.845   1.393   3.967   10.04   9.456   8.041   14.47   2.404   7.667   4.887
   5.863   9.635   6.739   4.225   6.072   5.712   3.209   1.725   4.605   4.888   1.396   3.919   10.03    9.56   7.957   14.52   2.493    7.68   4.961
   5.764   9.741   6.694   4.231    6.33   5.675   3.273   1.825   4.627   4.933   1.411   3.879   9.989   9.688   7.893   14.56   2.584   7.643    5.03
    5.65   9.825   6.641   4.232   6.583   5.645   3.348   1.928   4.665   4.976   1.432    3.85   9.918    9.83   7.855   14.59   2.666   7.561   5.082
   5.525   9.881    6.58    4.23   6.813   5.623   3.429   2.022   4.716   5.014   1.454   3.833   9.824   9.967   7.841   14.63   2.731   7.447   5.113
   5.401   9.914   6.517    4.23   7.009   5.612   3.505   2.099   4.779   5.043   1.474   3.827   9.716   10.09   7.851   14.66   2.773   7.314    5.12
   5.285   9.921   6.455   4.232   7.161   5.606   3.572   2.152    4.85   5.064   1.488    3.83   9.604   10.18   7.876    14.7   2.786   7.182   5.103
   5.186    9.91   6.395   4.241   7.267   5.604   3.624   2.176   4.926   5.076   1.491    3.84    9.49   10.23    7.91   14.75   2.772   7.068   5.067
   5.111   9.887   6.339   4.255    7.33     5.6   3.657   2.172   5.008   5.081   1.485    3.85    9.39   10.23   7.946   14.79   2.734   6.991   5.018
   5.064   9.868   6.289   4.275   7.353   5.589   3.671   2.142    5.09   5.081   1.466   3.861   9.305   10.18   7.978   14.86   2.676   6.966   4.965
   5.047   9.848   6.245   4.297   7.349   5.567   3.668   2.095   5.172   5.077   1.439   3.867   9.235   10.07   8.001   14.93   2.607       7   4.917
   5.056   9.843   6.207   4.317   7.329    5.53    3.65   2.041   5.254   5.074   1.408   3.867   9.181    9.93   8.012      15   2.537   7.096   4.883
    5.09   9.846   6.175   4.332   7.308   5.479   3.623   1.987   5.338   5.072   1.379   3.864   9.144   9.753    8.01   15.07   2.478    7.25   4.872
   5.142   9.864   6.148   4.335   7.296   5.414   3.595   1.943   5.428   5.075   1.363   3.856    9.12   9.555   7.997   15.12   2.442   7.454   4.889
   5.204   9.888   6.124   4.323   7.305   5.339   3.573   1.913   5.523   5.083   1.367   3.846     9.1    9.35   7.975   15.16   2.435   7.693   4.934
   5.271   9.915   6.101   4.292   7.335   5.258   3.561   1.898   5.629   5.096   1.399   3.836   9.087   9.156    7.95   15.18   2.462   7.952   5.001
   5.335   9.943   6.077   4.242   7.387   5.179   3.566   1.892   5.746   5.113   1.458   3.829    9.07    8.99   7.927   15.15    2.52   8.212   5.086
    5.39   9.962    6.05   4.172   7.452   5.104   3.587    1.89   5.871   5.133   1.537   3.825    9.05   8.863   7.911   15.11   2.603   8.455   5.179
   5.432   9.973   6.018   4.086   7.521   5.042   3.622   1.882   6.003   5.153   1.625   3.825   9.027   8.785   7.908   15.03   2.701   8.664   5.267
   5.458   9.965   5.982   3.987   7.578   4.995   3.668   1.868   6.132   5.173   1.712   3.827   8.999   8.762   7.918   14.92   2.804   8.816   5.341
   5.468   9.936   5.942   3.881   7.615   4.967   3.717   1.845   6.248   5.193   1.787   3.828    8.97    8.79   7.942    14.8   2.901   8.907   5.395
   5.462   9.897   5.901   3.774   7.621   4.956   3.766   1.814   6.344   5.212    1.84   3.825   8.945   8.865   7.975   14.68   2.983   8.921   5.422
   5.442   9.846   5.861   3.675   7.589   4.957   3.809   1.778    6.41   5.231   1.864   3.814   8.928    8.97    8.01   14.55   3.039   8.862   5.423
   5.412   9.787   5.824   3.589   7.515    4.97   3.839    1.74   6.439   5.253   1.854    3.79   8.923   9.088   8.038   14.45   3.067   8.733   5.399
   5.375   9.726   5.796   3.523   7.403   4.987   3.854   1.702   6.427    5.28   1.811   3.751   8.932   9.202   8.051   14.38   3.063   8.554   5.355
   5.334   9.671   5.778   3.481   7.258   5.004   3.854   1.665   6.374   5.312   1.734   3.695   8.961   9.295   8.042   14.35   3.026   8.346     5.3
    5.29   9.624   5.773   3.467   7.092   5.017   3.838    1.63   6.284   5.352   1.626   3.621   9.004    9.35   8.004   14.35   2.961   8.141   5.242
   5.246   9.587    5.78   3.481   6.916   5.022   3.807   1.598   6.163     5.4   1.496   3.531   9.063    9.36   7.938    14.4   2.876   7.968   5.191
     5.2   9.561     5.8   3.523   6.745   5.019   3.767    1.57   6.018   5.453   1.351   3.429    9.13    9.32   7.846   14.49    2.78   7.852   5.155
   5.154   9.544    5.83   3.589   6.594    5.01    3.72   1.552   5.862   5.511   1.204    3.32   9.199   9.234   7.733   14.61   2.687   7.811   5.139
   5.107   9.533    5.87   3.675   6.477   4.995   3.674   1.548   5.703   5.569   1.074   3.214   9.264   9.107   7.606   14.74    2.61   7.846   5.145
   5.058   9.526   5.914   3.777   6.403   4.982   3.636   1.567   5.557   5.623  0.9847   3.119   9.321   8.952   7.479   14.87    2.56   7.949    5.17
   5.011   9.519    5.96   3.886   6.375   4.975    3.61   1.613   5.431   5.666  0.9652   3.046   9.368   8.783   7.361   14.99   2.546   8.098    5.21
   4.968   9.512   6.002   3.995   6.392   4.983     3.6   1.686   5.339   5.694    1.02   3.007   9.396   8.617   7.266   15.09   2.564   8.272   5.256
   4.931   9.505   6.037   4.101   6.449   5.011   3.606    1.78   5.285     5.7   1.126   3.007   9.413   8.469   7.202   15.16   2.609   8.448   5.296
   4.905   9.505   6.061   4.193   6.531   5.066   3.627   1.882   5.273   5.681   1.265   3.048   9.419   8.354   7.175    15.2   2.673   8.605   5.323
   4.893   9.514    6.07   4.269   6.627   5.146   3.655   1.979   5.302   5.635   1.417   3.126   9.417    8.28   7.191    15.2   2.743   8.734   5.329
   4.898   9.536   6.066   4.323   6.723   5.251   3.688   2.058   5.366   5.563    1.57   3.235   9.411   8.256   7.249   15.17   2.811   8.825   5.309
   4.919   9.572   6.044   4.353   6.808   5.373   3.719   2.114   5.458   5.469   1.715   3.366   9.405   8.279   7.342   15.11   2.869   8.873    5.26
   4.953   9.625   6.007   4.359   6.871   5.504   3.743   2.138   5.566   5.358   1.842   3.508   9.401   8.345   7.463   15.03   2.913   8.876   5.185
   4.994    9.69   5.956    4.34   6.911   5.632   3.759   2.133   5.677   5.241   1.943   3.651   9.404   8.446   7.599   14.94   2.938   8.838   5.088
   5.036   9.773   5.894   4.299   6.923   5.746   3.761   2.099   5.779   5.127   2.012   3.787   9.409    8.57    7.74   14.86   2.946   8.762   4.977
   5.073   9.855   5.822    4.24   6.912   5.833   3.753   2.041   5.864   5.029   2.046   3.904   9.422   8.704   7.871    14.8    2.94   8.652   4.865
   5.099   9.943   5.746   4.167   6.882   5.887   3.733   1.971   5.923   4.955   2.041   3.996   9.436   8.833   7.981   14.75   2.921   8.513   4.762
   5.105   10.03   5.672   4.085   6.842   5.901   3.704   1.895   5.952   4.913   1.998   4.059    9.45   8.945   8.062   14.74   2.894   8.364    4.68
    5.09   10.09   5.603       4   6.799   5.874    3.67   1.826    5.95   4.905    1.92   4.087   9.464   9.032   8.106   14.75   2.865   8.214   4.632
   5.049   10.14   5.547   3.916   6.762   5.811   3.633   1.777   5.918   4.928    1.81    4.08   9.472   9.086   8.114   14.78   2.839   8.082   4.622
   4.979   10.16   5.508   3.836   6.736   5.714   3.598   1.754   5.861   4.979   1.677   4.041   9.474   9.107   8.086   14.84   2.818   7.981   4.651
   4.884   10.16   5.491   3.763   6.725   5.596   3.573   1.766   5.782   5.048   1.528   3.971    9.47   9.101   8.029    14.9   2.809   7.922   4.716
   4.765   10.13   5.497   3.701   6.729   5.468   3.558   1.811   5.689   5.129   1.377   3.877   9.462   9.077   7.953   14.96   2.811   7.908   4.809
   4.629   10.07   5.526   3.652   6.745   5.346   3.556   1.887   5.591   5.212   1.237   3.768   9.453   9.048   7.871   15.01   2.825   7.938    4.92
   4.485   10.01   5.575   3.616    6.77   5.242    3.57   1.984   5.494   5.288   1.124   3.654   9.445   9.027   7.792   15.04   2.847   7.998   5.036
   4.344   9.925   5.638   3.594   6.795    5.17   3.594   2.091   5.406   5.353   1.054   3.546   9.443   9.023   7.728   15.05   2.876   8.076   5.147
   4.219   9.834   5.709   3.586   6.817    5.14   3.625   2.195   5.335   5.402   1.034   3.453    9.45   9.044   7.686   15.02   2.904   8.152   5.241
   4.124   9.753   5.781   3.592   6.828   5.153    3.66   2.286   5.288    5.43   1.061   3.384   9.465   9.089    7.67   14.97    2.93   8.213   5.312
   4.074   9.688   5.846   3.611   6.824   5.209   3.696   2.354    5.27   5.437   1.121   3.345   9.493   9.153    7.68    14.9   2.947    8.25    5.35
    4.08   9.633   5.898   3.642   6.803   5.299   3.726    2.39   5.285   5.422     1.2   3.338   9.523   9.224   7.711   14.81   2.956    8.26   5.354
   4.147   9.594   5.934   3.683   6.766   5.412   3.749   2.392   5.333   5.388   1.286   3.359   9.555   9.285   7.756    14.7   2.956   8.245   5.323
   4.276   9.566   5.952   3.733   6.716   5.536   3.764   2.356   5.411   5.336    1.37   3.404   9.579   9.326   7.809   14.59   2.946   8.213   5.259
   4.457    9.55   5.952   3.787    6.66   5.657   3.769   2.288   5.516   5.274   1.445   3.466   9.591   9.334   7.859   14.47   2.931   8.173   5.169
   4.679   9.541   5.934   3.846   6.611   5.761   3.763    2.19   5.642   5.206    1.51   3.536   9.585   9.302   7.899   14.36   2.914   8.139   5.064
   4.923   9.534   5.901   3.908   6.577   5.837   3.752   2.073   5.778   5.139    1.56   3.609    9.56   9.228   7.922   14.26   2.899   8.122   4.956
   5.171    9.53   5.857   3.969   6.568   5.877   3.736   1.948   5.915    5.08   1.597   3.678   9.508   9.113   7.925   14.16   2.891   8.133   4.859
   5.406   9.525   5.804    4.03    6.59   5.875   3.716   1.827   6.045   5.031   1.621   3.738   9.434   8.959   7.904   14.08   2.891   8.177   4.783
   5.613   9.519   5.748   4.089   6.644    5.83   3.696   1.721    6.16   4.992   1.633   3.787    9.34   8.777    7.86      14   2.898   8.253   4.738
   5.779   9.509   5.693   4.147   6.722   5.743   3.679   1.638    6.25   4.966   1.637   3.821   9.227   8.577   7.796   13.92    2.91   8.355   4.726
   5.894   9.499   5.645   4.201   6.813   5.622   3.664   1.584   6.307   4.948   1.636    3.84   9.106   8.371   7.716   13.85   2.919   8.474   4.742
   5.953   9.487    5.61   4.251   6.902   5.477   3.651   1.555   6.329   4.934   1.631   3.846   8.989   8.175    7.63   13.78   2.924   8.597   4.778
   5.955    9.48   5.591   4.295   6.967   5.324   3.638   1.547    6.31    4.92   1.625   3.839   8.882   8.008   7.547   13.71   2.914   8.702   4.822
   5.905   9.478   5.597   4.331   6.998   5.179   3.621   1.552   6.249   4.905   1.615   3.822   8.801   7.892   7.477   13.65   2.885   8.775   4.862
   5.808   9.496    5.63   4.355   6.979   5.058   3.597   1.563   6.149   4.887   1.604   3.801   8.759   7.847   7.431    13.6   2.836   8.797   4.889
   5.677   9.537   5.689   4.365   6.906   4.975   3.565   1.578   6.012   4.867    1.59   3.778   8.765    7.89    7.42   13.57   2.764   8.756   4.898
   5.527   9.615   5.775   4.355   6.779    4.94   3.526   1.592   5.845   4.847   1.572   3.759   8.828   8.029   7.443   13.55   2.668   8.648   4.884
   5.372   9.733   5.881   4.324   6.604   4.953   3.479   1.604   5.655   4.833   1.551   3.747   8.947   8.261   7.502   13.56   2.552   8.474   4.851
    5.23   9.902   6.004    4.27   6.389   5.009   3.426   1.615   5.452   4.827   1.526   3.744   9.119   8.572    7.59    13.6   2.422   8.243   4.803
   5.113   10.11   6.136   4.192   6.147   5.099   3.368   1.624   5.246   4.835   1.501   3.754   9.328   8.933   7.698   13.67   2.287   7.971   4.747
   5.031   10.34    6.27   4.093   5.895   5.208   3.313   1.633   5.051   4.859   1.475   3.774   9.565   9.316   7.814   13.78   2.156   7.681   4.694
   4.987   10.58   6.401   3.974   5.652   5.321   3.259   1.642    4.88     4.9   1.452   3.804   9.803   9.687   7.925   13.91   2.038   7.397   4.655
    4.98   10.81   6.524    3.84   5.437   5.429   3.217   1.653   4.741   4.956   1.435   3.841   10.03   10.02   8.022   14.07   1.944   7.143   4.638
   5.002      11   6.636   3.701    5.27   5.521   3.186   1.665   4.644   5.021   1.425    3.88   10.21   10.28   8.095   14.24   1.888    6.94   4.654
   5.043   11.13   6.736    3.56    5.17   5.593   3.171   1.683   4.595   5.093   1.427   3.919   10.36   10.45   8.141   14.39   1.875   6.798   4.703
   5.092    11.2   6.825   3.426   5.152   5.642   3.175   1.708   4.597   5.161   1.443   3.952   10.44   10.54   8.156   14.53   1.907   6.723   4.786
    5.14   11.18   6.902   3.308   5.222   5.668   3.199   1.742   4.644   5.215   1.474   3.977   10.47   10.53    8.14   14.65   1.977    6.71   4.895
   5.179   11.08   6.967   3.208   5.372   5.673   3.247   1.784   4.728   5.247   1.521   3.992   10.44   10.42   8.098   14.71   2.075   6.751   5.017
   5.202   10.92   7.023   3.134   5.586    5.66   3.314   1.833    4.84   5.252   1.578   3.994   10.35   10.24   8.033   14.74    2.19   6.835   5.138
   5.207   10.68    7.07   3.089   5.839   5.637   3.397   1.885   4.966   5.223   1.644   3.985   10.23      10   7.952   14.71   2.309   6.954   5.242
   5.192    10.4   7.106   3.073   6.105   5.607   3.488   1.933   5.093   5.157   1.709   3.963   10.07   9.726   7.865   14.65   2.422   7.093   5.316
   5.161    10.1   7.134   3.085    6.36   5.578   3.581   1.971   5.206   5.057   1.769   3.932   9.913   9.434   7.778   14.56   2.516    7.24    5.35
   5.115   9.788   7.154   3.124   6.581   5.557   3.664   1.996   5.296   4.928   1.816    3.89   9.761   9.149   7.699   14.44   2.588   7.381   5.338
   5.059   9.506   7.163   3.185   6.755   5.545   3.732       2   5.357   4.779   1.845   3.842   9.634   8.897   7.636   14.32    2.63   7.501   5.283
   5.002   9.264   7.162   3.262   6.871   5.548   3.778   1.984   5.383   4.623    1.85    3.79   9.547   8.693   7.592    14.2   2.642   7.587    5.19
   4.949   9.078   7.152   3.347   6.928   5.562   3.798   1.949   5.373   4.475    1.83   3.736   9.501    8.55   7.569   14.09    2.62   7.629   5.071
   4.909   8.962   7.134   3.434   6.932   5.586   3.789   1.898   5.328   4.349   1.787   3.682   9.502   8.474   7.566   14.02   2.573   7.623   4.943
   4.888   8.916    7.11   3.516   6.893   5.614   3.754   1.836   5.254   4.262   1.723   3.632    9.54   8.459   7.579   13.96   2.505   7.571   4.826
   4.891   8.941   7.081   3.588   6.826   5.641   3.699   1.772   5.159   4.227   1.646   3.588   9.608   8.498   7.601   13.94   2.425   7.483   4.741
   4.921   9.029   7.053   3.644    6.75   5.658   3.625   1.711   5.052   4.252   1.563   3.552   9.694   8.575   7.625   13.94   2.345   7.375   4.708
   4.978   9.166   7.027   3.683   6.683   5.662   3.543   1.658   4.942   4.338   1.486   3.524   9.782   8.671   7.643   13.96   2.275   7.269   4.741
   5.058   9.333   7.004   3.704   6.641    5.65   3.461   1.621   4.837   4.482   1.423   3.506   9.857   8.771   7.646   13.98   2.226   7.185   4.846
   5.158   9.517   6.986    3.71   6.631   5.618   3.385   1.597   4.748    4.67   1.382   3.495   9.907   8.855    7.63      14   2.207   7.138   5.022
   5.271   9.696   6.972   3.705   6.661   5.568   3.321   1.585   4.682   4.889   1.361    3.49   9.927   8.915   7.592   14.02   2.218   7.137   5.255
   5.391   9.856   6.959   3.694   6.726   5.504   3.276   1.586    4.64   5.118    1.36   3.489   9.909   8.942    7.53      14   2.258   7.177    5.53
    5.51   9.991   6.943   3.681   6.821   5.431    3.25   1.594   4.625   5.343   1.371   3.488   9.859   8.936   7.449   13.97   2.318   7.248   5.824
   5.622   10.08   6.922   3.673   6.934   5.356   3.244   1.604   4.635   5.547   1.387   3.486   9.775   8.898   7.353   13.89   2.389   7.332   6.117
    5.72   10.14   6.889   3.673   7.053   5.284   3.254   1.613    4.67   5.716   1.406    3.48   9.669   8.835   7.249    13.8   2.462   7.414   6.386
     5.8   10.15   6.844   3.683   7.164   5.223   3.278   1.618   4.726   5.841   1.423    3.47   9.552   8.763   7.146   13.68   2.526   7.479   6.612
   5.858   10.13   6.785   3.703   7.253   5.177   3.313   1.616   4.799   5.914   1.439   3.455   9.436   8.691   7.054   13.56   2.575   7.518   6.781
   5.892    10.1   6.711   3.731   7.312   5.149   3.352   1.607   4.885   5.934   1.452   3.438   9.338   8.635   6.981   13.43   2.602    7.53   6.879
   5.901   10.05   6.625   3.764   7.332   5.139   3.397   1.589   4.981   5.902   1.464   3.419   9.268   8.607   6.933   13.32   2.604   7.515   6.902
   5.885   9.999    6.53   3.798   7.307   5.147   3.441   1.566   5.084   5.824   1.475   3.403   9.229   8.615   6.917   13.24    2.58   7.481   6.849
   5.849   9.959   6.431   3.831    7.24   5.168   3.484    1.54   5.191   5.709   1.485   3.391    9.23   8.663   6.936   13.19    2.53   7.435   6.725
   5.794   9.932   6.334   3.858   7.134     5.2   3.525   1.514     5.3   5.567   1.493   3.389   9.265   8.749   6.989   13.19    2.46   7.387   6.544
   5.726   9.929   6.247   3.877   7.001   5.235   3.563   1.492   5.411    5.41   1.504   3.399   9.329    8.87   7.074   13.22   2.376   7.345    6.32
   5.649   9.946   6.175   3.887   6.855   5.269   3.598   1.479   5.518    5.25   1.515   3.423   9.414   9.015   7.186   13.29   2.288   7.316   6.075
   5.568   9.976   6.127    3.89   6.715   5.298   3.632   1.478   5.619   5.095   1.529   3.463   9.508   9.175   7.318   13.37    2.21   7.307   5.828
   5.486   10.02   6.105   3.884   6.596   5.318   3.661   1.492   5.713   4.955   1.549   3.518   9.594   9.335    7.46   13.46   2.152   7.316     5.6
   5.408   10.05   6.112   3.872   6.507   5.327   3.689   1.521   5.793   4.833   1.576   3.584    9.67    9.49   7.603   13.54   2.124   7.342   5.403
   5.337   10.07   6.147   3.856   6.451   5.324   3.713   1.564   5.857    4.73   1.607   3.656   9.724   9.623   7.738    13.6    2.13    7.38   5.245
   5.276   10.07   6.203    3.84   6.424   5.313   3.734   1.618   5.899   4.647   1.638   3.729   9.748   9.729   7.854   13.63   2.168   7.418   5.124
   5.224   10.05   6.276   3.827   6.411   5.296   3.751   1.677   5.915    4.58   1.664   3.796   9.742   9.797   7.947   13.62   2.228   7.448   5.032
   5.186   9.987   6.355   3.823   6.395   5.279   3.764   1.739   5.902   4.527   1.679   3.851   9.703   9.829    8.01   13.58   2.302   7.458   4.959
    5.16   9.896    6.43    3.83    6.36   5.266    3.77   1.798   5.858   4.485    1.68   3.888   9.643   9.823   8.039   13.51   2.377   7.436   4.893
   5.146   9.777   6.493   3.852   6.293   5.263   3.771   1.849   5.783   4.451   1.665   3.904   9.559   9.783   8.037   13.41   2.445   7.379   4.822
   5.143   9.632   6.538   3.888   6.188   5.271   3.766   1.891   5.679   4.424   1.632   3.896   9.463    9.71   8.005    13.3   2.499   7.284   4.741
    5.15   9.474   6.559   3.938   6.046   5.293   3.756    1.92   5.551   4.406   1.583   3.865   9.363   9.617    7.95   13.19   2.536   7.156   4.646
   5.164   9.314   6.554   3.995   5.872   5.326   3.739   1.937   5.408   4.396   1.521   3.813   9.269   9.512   7.878    13.1   2.555   7.005   4.537
   5.185   9.164   6.524   4.055    5.68   5.369   3.719   1.944    5.26   4.399    1.45   3.745   9.187   9.405     7.8   13.03   2.557   6.845   4.419
   5.209   9.038   6.473   4.111   5.486   5.416   3.696   1.942   5.114   4.422   1.376   3.667   9.121   9.306   7.725   13.01   2.546   6.688     4.3
   5.236   8.945   6.408   4.156   5.309    5.46   3.674   1.935   4.983   4.466   1.303   3.586   9.077   9.223   7.662   13.04   2.525   6.555   4.186
   5.265   8.893   6.337   4.186    5.17     5.5   3.652   1.926   4.878   4.534   1.237   3.509    9.05   9.159   7.616   13.13   2.499   6.458   4.091
   5.296   8.886   6.271   4.195   5.088   5.527   3.634   1.918   4.802   4.627   1.184   3.446    9.04   9.118   7.595   13.28   2.475   6.408   4.028
   5.328   8.923   6.221   4.183   5.082   5.543    3.62   1.913   4.761   4.739   1.147   3.403   9.044   9.097     7.6   13.47   2.458    6.41   4.008
   5.361   9.003   6.194   4.151   5.162   5.544    3.61   1.913   4.757   4.864   1.131   3.383   9.058   9.092   7.627   13.69   2.452   6.467   4.042
   5.398   9.116   6.193   4.101    5.33   5.532   3.606   1.916   4.785   4.993   1.138   3.389   9.076     9.1   7.677   13.93   2.464   6.576   4.129
   5.438   9.254   6.222   4.037   5.576   5.508   3.603   1.923    4.84   5.114   1.171   3.419   9.094   9.114   7.739   14.15   2.493    6.73   4.265
   5.481   9.403   6.274   3.966   5.885   5.476   3.605    1.93   4.913   5.216   1.225   3.466   9.112   9.131   7.811   14.36   2.537   6.917    4.44
   5.525   9.556   6.342   3.892    6.23    5.44   3.608   1.938   4.998   5.293   1.293   3.527   9.128   9.146    7.88   14.54   2.592   7.126   4.635
   5.569   9.698   6.416   3.822   6.583   5.406   3.613   1.944   5.085   5.337   1.367   3.593   9.143   9.155   7.943   14.68    2.65   7.343   4.833
    5.61    9.82   6.487   3.762   6.914   5.376   3.618   1.947   5.168   5.345   1.438   3.657   9.155   9.158   7.993   14.76   2.702   7.549   5.015
   5.645    9.91   6.542   3.717   7.199   5.354   3.624   1.946   5.235   5.316   1.499   3.712   9.173   9.153   8.024   14.79   2.742   7.732   5.167
   5.671    9.96   6.571   3.691   7.415   5.341   3.631   1.942   5.284   5.254   1.543   3.754   9.193    9.14   8.035   14.78   2.762   7.875   5.278
   5.682   9.979   6.571   3.686   7.545   5.336   3.638   1.936    5.31   5.165   1.567   3.779   9.217    9.12   8.024   14.72    2.76   7.971   5.336
   5.676   9.946   6.535   3.703   7.582   5.336   3.652   1.928   5.313   5.056   1.571   3.786   9.243   9.095   7.992   14.64   2.735   8.015   5.341
   5.652   9.874   6.462   3.742   7.522   5.338   3.671   1.924   5.298   4.938   1.557   3.773   9.268   9.064   7.942   14.54   2.688   8.014   5.293
   5.606   9.766   6.358   3.798   7.371   5.336     3.7   1.926   5.269   4.821   1.528   3.746   9.294   9.029   7.877   14.44   2.623   7.976   5.198
    5.54   9.627   6.226   3.869   7.148   5.326   3.742   1.938   5.238   4.716   1.492   3.707   9.313   8.992   7.802   14.35   2.547   7.918   5.066
   5.454   9.471   6.076   3.949   6.873   5.306   3.795   1.963   5.217   4.635   1.455   3.662    9.32   8.951   7.723   14.27   2.467   7.859   4.913
   5.352   9.303   5.918   4.031   6.573   5.272   3.862       2   5.215   4.586   1.427   3.618   9.313   8.909   7.646   14.22   2.391   7.819   4.756
   5.237   9.138   5.764   4.111   6.284   5.226    3.94   2.052   5.241   4.576   1.414   3.584    9.29   8.866   7.575   14.21   2.328   7.811   4.613
   5.117   8.982   5.627   4.184   6.035   5.168   4.027   2.112   5.297   4.605   1.425   3.566   9.252   8.825   7.517   14.22   2.283   7.845   4.505
   5.001   8.848   5.519   4.246   5.853   5.104   4.115   2.177   5.376   4.667   1.459   3.568   9.198   8.787   7.474   14.26   2.262   7.917   4.441
   4.896   8.738   5.448   4.295   5.757   5.039   4.197   2.241   5.468   4.755   1.515   3.594    9.13   8.752   7.447   14.32   2.272   8.019   4.428
   4.813   8.656   5.422   4.332   5.746    4.98   4.268   2.297   5.558   4.857   1.586   3.645   9.053   8.728   7.438   14.41   2.311   8.133    4.46
    4.76   8.602   5.441   4.356   5.808   4.935   4.319   2.341   5.631   4.959   1.665   3.715   8.976   8.714   7.447    14.5   2.378   8.246   4.524
   4.742   8.575   5.504   4.369   5.918   4.912   4.344   2.367   5.674   5.048   1.743   3.802   8.901   8.714   7.472   14.59   2.468   8.339   4.604
    4.76   8.572   5.605   4.373   6.048   4.917    4.34   2.372   5.678   5.116   1.817   3.899   8.836   8.729    7.51   14.68   2.576   8.403   4.681
   4.812   8.588   5.736    4.37   6.173   4.957   4.303   2.355   5.635   5.156   1.877   3.998    8.79   8.759   7.561   14.75   2.693   8.431   4.741
   4.889   8.621   5.888   4.361   6.274   5.034   4.234   2.318   5.547   5.163   1.923   4.094   8.762   8.805   7.618    14.8   2.809   8.419   4.773
   4.981   8.667   6.047   4.347   6.339   5.148   4.134   2.266   5.416   5.137   1.949   4.179   8.763   8.864   7.681   14.83   2.919   8.373   4.774
   5.078   8.719   6.204   4.328   6.361   5.294   4.009   2.202   5.253   5.084   1.955   4.252   8.788   8.933   7.746   14.84   3.015     8.3   4.744
   5.168   8.776    6.35   4.305    6.34   5.464   3.867   2.136   5.067   5.012   1.942   4.307    8.84   9.008   7.808   14.81   3.091    8.21   4.689
   5.244   8.832   6.475   4.276   6.283   5.649   3.719   2.074   4.873   4.929    1.91   4.344   8.911   9.084   7.866   14.76   3.145   8.113   4.617
     5.3   8.884   6.574   4.242   6.197   5.838   3.575   2.025   4.687   4.846   1.863   4.363   8.997   9.156   7.918   14.68   3.175   8.024   4.544
   5.333   8.932   6.644   4.203   6.098   6.016   3.449   1.994   4.524   4.775   1.807   4.365   9.092   9.221   7.962   14.58   3.181   7.954   4.479
   5.345   8.973   6.684   4.159   6.002   6.171    3.35   1.984   4.399   4.726   1.745   4.352    9.19   9.276   7.999   14.47   3.166   7.909   4.436
   5.337   9.016   6.693   4.111   5.925   6.294   3.288   1.993   4.327   4.711   1.683   4.328   9.284   9.317   8.027   14.33   3.132   7.895   4.427
   5.318   9.068   6.676    4.06   5.881   6.378   3.262   2.015   4.315   4.736   1.625   4.296   9.369   9.347   8.048   14.18   3.083   7.912   4.459
   5.294   9.138   6.637   4.008    5.88   6.415    3.27   2.046   4.367   4.805   1.572   4.258   9.446   9.367   8.059   14.03   3.024   7.954   4.537
   5.275   9.236   6.579   3.958   5.926   6.405   3.305   2.077   4.484   4.916   1.525   4.215   9.518   9.379   8.065   13.89   2.957   8.012   4.659
   5.269   9.374   6.507   3.913   6.011   6.352   3.357   2.104   4.652   5.063   1.483   4.169   9.581   9.389   8.063   13.75   2.886   8.074   4.822
   5.287   9.551   6.427   3.877   6.125   6.258   3.419   2.119    4.86   5.238   1.442   4.119   9.639   9.398   8.053   13.63   2.814   8.126   5.012
   5.334   9.767   6.342   3.854   6.251   6.134   3.484   2.122   5.089   5.426   1.401   4.066   9.696   9.411   8.037   13.53   2.744   8.162   5.221
   5.414   10.01   6.256   3.846   6.373    5.99   3.546   2.107   5.322   5.616   1.357   4.008   9.752   9.429   8.015   13.45    2.68    8.17    5.43
   5.525   10.28   6.173   3.856   6.475    5.84   3.599   2.079   5.542   5.792   1.312   3.947   9.807   9.451   7.989   13.39   2.621   8.151   5.627
   5.662   10.53   6.095   3.882   6.544   5.696   3.641   2.037   5.731   5.942   1.265   3.883   9.861   9.475    7.96   13.36   2.571   8.103   5.797
   5.816   10.76   6.026   3.924   6.569   5.571   3.668   1.985    5.88   6.054   1.219   3.818   9.915     9.5    7.93   13.35   2.533   8.033   5.931
   5.973   10.94   5.969   3.978    6.55   5.476    3.68   1.928    5.98   6.124   1.177   3.756   9.955   9.518   7.901   13.35   2.506   7.948   6.025
    6.12   11.07   5.924   4.038   6.487   5.418   3.676   1.873   6.026   6.146   1.141   3.699   9.992    9.52   7.876   13.35   2.491    7.86   6.076
   6.242   11.13   5.896   4.101   6.389   5.401   3.657   1.828    6.02   6.119   1.116   3.653   10.01   9.507   7.856   13.35    2.49    7.78   6.091
   6.329    11.1   5.884    4.16   6.262   5.421   3.627   1.799   5.967   6.048   1.103   3.621   10.01   9.471   7.843   13.34   2.502   7.719   6.077
   6.371      11   5.889   4.212   6.126   5.477   3.592   1.793   5.874   5.938   1.105   3.608   9.979   9.417   7.838   13.31   2.523   7.683   6.042
   6.364   10.85   5.912   4.256   5.995   5.561   3.554   1.814   5.753   5.798   1.123   3.616   9.929   9.339   7.842   13.26   2.553   7.679   6.001
   6.308   10.62    5.95   4.288   5.886   5.661   3.522    1.86   5.618   5.637   1.156   3.645   9.853   9.242   7.855   13.19   2.587   7.706    5.96
   6.207   10.36   5.999   4.309   5.815   5.769   3.497   1.924   5.475   5.466   1.202   3.694   9.761   9.133   7.874    13.1    2.62   7.759   5.926
   6.072   10.06   6.056    4.32   5.789   5.873   3.479   1.999    5.34   5.296   1.259    3.76   9.659   9.024   7.899   12.99   2.651    7.83   5.901
   5.915   9.775   6.114   4.323   5.811   5.965   3.467    2.07   5.221   5.135    1.32   3.837   9.548   8.922   7.927   12.87   2.673   7.908   5.881
   5.755   9.513   6.168   4.319    5.87   6.034   3.458   2.129   5.123    4.99    1.38   3.918   9.444    8.84   7.953   12.76   2.683   7.979   5.862
    5.61   9.296   6.212    4.31   5.953   6.076   3.446   2.168   5.052   4.867   1.434   3.994   9.355   8.789   7.976   12.67   2.679    8.03   5.837
   5.498   9.142    6.24   4.298   6.043   6.084    3.43    2.18   5.007   4.771   1.474   4.058   9.287   8.775   7.991    12.6   2.659   8.051   5.802
   5.433   9.062   6.251   4.286   6.122    6.06   3.412   2.166   4.986   4.703   1.497     4.1    9.25   8.806   7.997   12.58   2.625   8.034   5.753
   5.423    9.06   6.242   4.276   6.175       6   3.389   2.125    4.99   4.664     1.5   4.116   9.244   8.881   7.991   12.61   2.579   7.978   5.687
   5.466   9.129   6.215   4.269   6.191   5.912   3.367   2.064   5.016   4.652   1.484   4.101    9.27   8.993   7.972    12.7   2.524   7.888   5.606
   5.555   9.257   6.172   4.265   6.166   5.798   3.347   1.993   5.059   4.664   1.449   4.054   9.324   9.134   7.939   12.84   2.465   7.772   5.512
   5.674   9.426   6.116   4.266   6.097   5.669   3.335   1.921   5.117   4.697   1.401   3.976   9.393   9.287   7.893   13.03   2.407   7.645   5.411
   5.808   9.614   6.055    4.27    5.99   5.532   3.337   1.861   5.186   4.747   1.348   3.872   9.473   9.437   7.837   13.26   2.357   7.525   5.306
   5.939   9.802   5.993   4.278   5.853     5.4   3.356   1.823   5.264   4.808   1.296    3.75    9.55   9.571    7.77   13.51    2.32   7.428   5.202
   6.055   9.969   5.938    4.29   5.698   5.277   3.395   1.814   5.347   4.874   1.256    3.62   9.615   9.673   7.697   13.76   2.299   7.366   5.108
   6.143    10.1   5.893   4.303    5.54   5.176   3.458   1.835   5.432   4.941   1.232   3.492   9.663   9.733   7.622   13.99   2.296   7.347   5.026
   6.194   10.19   5.866   4.318   5.395   5.099   3.544   1.883   5.516   5.004   1.234   3.376   9.681   9.747   7.548    14.2   2.312   7.371   4.963
   6.203   10.22   5.857   4.331   5.278   5.049   3.649   1.953   5.596   5.058    1.26   3.283   9.671   9.718   7.479   14.35   2.343   7.431   4.922
    6.17   10.21   5.869   4.341   5.202   5.027   3.766   2.035   5.666   5.102   1.306   3.217   9.635   9.645   7.418   14.45   2.386   7.513   4.903
   6.097   10.14   5.899   4.343   5.177    5.03   3.885   2.121   5.726    5.13   1.367   3.181   9.571   9.537   7.367   14.49   2.437   7.604   4.907
   5.988   10.04   5.943   4.339   5.205   5.052   3.999   2.202   5.768   5.147   1.434   3.175    9.49   9.415   7.328   14.47    2.49    7.69    4.93
   5.852   9.909   5.996   4.324   5.281   5.092   4.094   2.269   5.789   5.149     1.5   3.194   9.401   9.291   7.304   14.41    2.54   7.759   4.964
   5.699   9.786   6.054   4.299   5.396   5.143   4.165   2.315   5.789   5.139   1.559   3.235   9.319   9.184   7.296   14.32   2.582   7.802       5
   5.542   9.679   6.111   4.262   5.534   5.199   4.201   2.335   5.766    5.12   1.602    3.29   9.252    9.11   7.303   14.21   2.611   7.814   5.032
   5.394   9.609   6.161   4.215   5.678   5.255   4.204   2.323   5.721   5.096   1.627   3.356   9.214   9.083   7.325   14.12   2.627   7.797   5.051
   5.267   9.586   6.205    4.16   5.813   5.307   4.169   2.278   5.658    5.07    1.63   3.426   9.211   9.108   7.362   14.05   2.625   7.752   5.053
   5.171   9.613   6.237   4.098   5.927   5.351     4.1   2.202   5.581   5.046   1.611   3.496   9.251   9.188   7.411   14.03   2.608   7.683   5.036
    5.11   9.685   6.259   4.033   6.011   5.383   4.005   2.099   5.496   5.029    1.57   3.562   9.321   9.318   7.472   14.06   2.579   7.603   5.002
   5.085   9.792   6.273   3.966   6.061   5.403   3.891   1.981   5.414   5.022   1.514   3.619   9.423   9.486    7.54   14.15   2.542   7.522   4.957
   5.089   9.915   6.279   3.901   6.078   5.408   3.774   1.864    5.34   5.026   1.449   3.665   9.539    9.67   7.612   14.29   2.505   7.453   4.906
   5.114   10.04   6.282    3.84   6.068   5.402   3.666   1.765   5.283   5.043   1.382   3.701   9.653   9.851   7.684   14.46   2.473   7.411   4.857
   5.148   10.13   6.283   3.784   6.041   5.384   3.584   1.705    5.25   5.074   1.323   3.726   9.751   10.02   7.754   14.63   2.453   7.408    4.82
   5.181   10.18   6.286   3.737   6.009   5.357   3.539   1.697   5.245   5.117   1.284   3.746   9.819   10.15   7.817   14.79   2.449   7.451   4.801
   5.202   10.19    6.29   3.702   5.987   5.325   3.541   1.743    5.27   5.169   1.272   3.762   9.846   10.22   7.871   14.92   2.467   7.544   4.806
   5.206   10.14   6.298   3.682   5.988   5.291    3.59   1.836   5.319   5.229   1.285    3.78   9.826   10.23   7.909   14.99   2.502   7.682    4.84
   5.188   10.05   6.307    3.68   6.024   5.257   3.677   1.957    5.39   5.294   1.321   3.801   9.759   10.17   7.934   15.01   2.553   7.852   4.902
    5.15   9.893   6.315   3.698   6.098   5.225   3.791   2.087   5.473    5.36   1.371   3.828   9.643   10.03    7.94   14.97   2.611   8.042    4.99
   5.095     9.7   6.319   3.737   6.209   5.196   3.918   2.212   5.562   5.425   1.427   3.856   9.486   9.841   7.928   14.86   2.671   8.231     5.1
   5.027   9.481   6.314   3.797    6.35   5.166   4.043   2.319   5.647   5.484    1.48   3.885   9.297   9.596   7.897    14.7   2.726   8.403   5.221
   4.957   9.249   6.297   3.873   6.509   5.137   4.153     2.4   5.719   5.534   1.523   3.909    9.09   9.316    7.85    14.5   2.771   8.543   5.345
   4.891   9.024   6.266   3.959   6.671   5.104    4.24   2.454   5.776   5.575   1.553   3.924   8.881   9.028    7.79   14.29   2.802   8.641   5.459
   4.838   8.822   6.218   4.048    6.82   5.067   4.297   2.474   5.812     5.6   1.568   3.928   8.683   8.759    7.72   14.07   2.816   8.689   5.553
   4.802    8.66   6.155   4.131   6.944   5.026    4.32   2.464   5.827   5.613   1.566   3.918   8.515   8.532   7.645   13.87   2.813   8.687   5.616
   4.785   8.552    6.08     4.2   7.032    4.98   4.306   2.422   5.825    5.61   1.549   3.894   8.386    8.37   7.571    13.7   2.794   8.639   5.643
   4.785   8.505   5.996   4.248   7.081   4.931    4.26   2.355    5.81   5.592   1.519   3.856   8.307   8.284   7.503   13.59   2.759   8.558   5.629
   4.798   8.518   5.911   4.271   7.088   4.883   4.184   2.266   5.789   5.559   1.477   3.807   8.286   8.278   7.443   13.54   2.713   8.456   5.576
   4.816   8.587   5.831   4.265   7.056   4.838   4.089   2.164    5.77   5.511   1.431   3.752   8.318    8.34   7.395   13.56   2.656   8.353   5.487
   4.831     8.7   5.765   4.232   6.992   4.799   3.984    2.06   5.756   5.452   1.384   3.694   8.397   8.454    7.36   13.64   2.594    8.26   5.369
   4.837   8.841   5.717   4.171   6.905   4.772   3.883   1.964   5.756   5.383   1.344   3.641   8.513   8.597   7.336   13.77   2.529   8.194   5.232
   4.826   8.993   5.692   4.089   6.806   4.759   3.797   1.892   5.769   5.309   1.316   3.596   8.651   8.744   7.324   13.93   2.468   8.166   5.088
   4.796   9.139    5.69    3.99   6.709   4.763   3.739   1.853   5.795   5.233   1.304   3.564   8.797   8.876   7.319   14.09    2.41   8.179   4.948
   4.745   9.269   5.706   3.882   6.625   4.785   3.712   1.851   5.829    5.16   1.309   3.549    8.94   8.975   7.321   14.25    2.36   8.229   4.821
   4.676   9.372   5.737   3.776   6.564   4.825   3.719   1.885   5.867   5.094   1.328   3.551   9.069   9.029   7.324   14.37   2.316   8.308   4.719
   4.591   9.443   5.773   3.679   6.536   4.882   3.752   1.942   5.901   5.041   1.356   3.568   9.175   9.036   7.327   14.45   2.281   8.405   4.645
     4.5   9.482   5.808     3.6   6.542   4.953   3.804   2.009   5.923   5.002   1.383   3.597   9.251   8.994   7.326   14.47    2.25   8.502   4.604
    4.41   9.493   5.833   3.549   6.583   5.036   3.864   2.069    5.93   4.983   1.404   3.631   9.296   8.912   7.319   14.44   2.223   8.587   4.595
   4.332   9.481   5.844   3.531   6.652   5.122   3.918   2.112   5.914   4.985   1.413   3.667   9.311   8.797   7.306   14.36   2.198   8.649   4.619
   4.276   9.458   5.837    3.55   6.739   5.209    3.96   2.124   5.873   5.007   1.408   3.696   9.299   8.668   7.285   14.25   2.173   8.676   4.671
   4.251   9.431   5.812   3.608   6.832   5.292   3.979   2.102   5.807   5.052   1.387   3.715   9.267   8.539    7.26   14.12   2.148   8.667   4.747
   4.261   9.409   5.771   3.699   6.919   5.364   3.972   2.046   5.718   5.113   1.352   3.719   9.216   8.428   7.231   13.98   2.124    8.62   4.841
   4.307   9.399   5.719   3.818   6.989   5.424   3.936   1.956   5.611    5.19   1.305   3.705   9.157    8.35   7.205   13.88   2.104   8.544   4.947
   4.388   9.407    5.66   3.955   7.036   5.469   3.872   1.838   5.493   5.275   1.251   3.674   9.092   8.316   7.183    13.8   2.089   8.445    5.06
   4.496    9.43   5.605     4.1   7.056   5.496   3.782   1.703   5.372   5.361   1.197   3.629   9.026   8.334   7.171   13.77   2.082   8.339   5.172
   4.622    9.47   5.561   4.244   7.047   5.508   3.675   1.561    5.26   5.441   1.152   3.572   8.965   8.402    7.17    13.8   2.087   8.239   5.276
   4.757   9.522   5.538   4.377   7.015   5.504   3.559   1.428   5.172   5.507   1.124   3.511   8.908   8.515   7.185   13.87   2.107   8.161   5.368
   4.891    9.58   5.542   4.491   6.965   5.488   3.444   1.318   5.117   5.553    1.12   3.451   8.858   8.662   7.215   13.99   2.141   8.115    5.44
   5.013   9.636   5.577   4.581   6.901   5.462   3.347   1.242   5.103   5.572   1.143   3.402   8.817   8.829   7.261   14.15   2.191   8.107   5.488
   5.114    9.69   5.644   4.642   6.833    5.43   3.282   1.209   5.137   5.561    1.19   3.371   8.784   8.999    7.32   14.32   2.254   8.137   5.507
   5.189   9.728   5.738   4.672   6.762   5.393    3.26   1.221   5.218   5.519   1.259   3.364    8.76   9.159   7.389    14.5   2.329   8.199   5.493
   5.233   9.752   5.849   4.673   6.691   5.353   3.294   1.275   5.341   5.445   1.341   3.381   8.744   9.293   7.462   14.68   2.409   8.282   5.444
   5.243   9.759   5.966   4.647   6.621   5.314   3.375    1.36   5.491   5.344   1.428   3.421    8.74   9.392   7.535   14.83   2.493   8.371   5.357
   5.219   9.744   6.073   4.599   6.547   5.275     3.5   1.462   5.658   5.221   1.514   3.481   8.747   9.448   7.603   14.94   2.572   8.453   5.235
   5.166   9.715   6.157   4.536   6.469   5.235   3.648   1.573   5.827   5.084    1.59    3.55   8.765   9.459   7.661   15.02   2.645   8.515    5.08
   5.089   9.671   6.206   4.464   6.383   5.197   3.807    1.68   5.985    4.94   1.653   3.625   8.799    9.43   7.705   15.04   2.706   8.552   4.899
   4.998   9.616   6.212   4.392   6.286   5.159   3.963   1.778   6.119   4.803   1.697   3.695   8.845   9.367   7.733   15.01   2.753   8.554   4.703
   4.907   9.556    6.17   4.328   6.177   5.122   4.102    1.86   6.223   4.683   1.723   3.757   8.901   9.284   7.746   14.94   2.786    8.52   4.505
   4.828   9.497   6.084   4.275   6.058   5.086   4.215   1.922   6.292   4.593   1.732   3.804   8.968   9.194   7.745   14.84   2.801   8.455    4.32
   4.774    9.44   5.957   4.239   5.932   5.051   4.296    1.96   6.325   4.543   1.723   3.832    9.04   9.107   7.733   14.71   2.803   8.364   4.169
   4.754   9.388   5.801   4.221   5.805   5.021   4.342   1.975   6.323   4.538   1.704   3.842   9.111   9.041   7.713   14.58   2.793   8.258   4.071
   4.772    9.34    5.63   4.216   5.686   4.995   4.353   1.967   6.292   4.585    1.68   3.832   9.176   9.002    7.69   14.46   2.774   8.149   4.042
   4.825   9.292   5.457   4.223   5.584   4.977   4.331   1.939   6.241   4.678   1.658   3.804   9.224    8.99   7.668   14.36   2.749   8.049   4.093
   4.903   9.239     5.3   4.237   5.509   4.965   4.285   1.899   6.181   4.809   1.645   3.761    9.25       9   7.648   14.27   2.723   7.971   4.223
   4.995   9.178   5.173   4.252   5.472   4.962   4.222   1.855   6.118   4.966   1.646   3.707   9.249   9.025   7.631    14.2   2.698   7.925   4.427
   5.085   9.105   5.087   4.262    5.48   4.965   4.155   1.816   6.066   5.133   1.665   3.651   9.219   9.052   7.617   14.16   2.679   7.917   4.686
   5.163   9.017    5.05   4.264   5.538   4.975   4.094   1.795    6.03   5.297   1.699   3.596   9.159   9.069   7.603   14.14   2.667   7.951   4.979
   5.216    8.92   5.067   4.255   5.643   4.986   4.051     1.8   6.015   5.441   1.745   3.547    9.07   9.067   7.588   14.13   2.663   8.024   5.282
    5.24   8.813   5.134   4.233   5.791   4.999   4.033   1.832   6.019   5.554   1.798    3.51   8.959   9.037   7.568   14.12   2.668   8.126   5.571
   5.231   8.705   5.246   4.199   5.968   5.006   4.042   1.892    6.04    5.63   1.851   3.488   8.834   8.982   7.541   14.11   2.682   8.247   5.825
   5.188   8.602   5.393   4.154    6.16   5.005   4.072   1.969   6.069   5.663   1.895    3.48   8.706   8.901   7.504    14.1   2.702   8.374   6.022
   5.116   8.517   5.563     4.1   6.348   4.992   4.115   2.054   6.094   5.654   1.926   3.485   8.584   8.799   7.459   14.09   2.726   8.492   6.152
   5.021   8.457   5.744    4.04   6.514   4.967    4.16   2.138   6.109   5.604   1.941     3.5   8.479   8.687   7.406   14.08   2.751    8.59   6.202
   4.913   8.434   5.922   3.978   6.641   4.926   4.199   2.208   6.104    5.52   1.934   3.522   8.402   8.575   7.347   14.08   2.775   8.659   6.171
   4.802   8.451   6.085   3.918   6.722   4.873   4.223   2.256   6.074    5.41   1.904   3.548   8.362   8.476   7.286   14.08   2.794   8.695   6.061
   4.701   8.516   6.226   3.865   6.751   4.808   4.223   2.278   6.015   5.284   1.854   3.575    8.36   8.402   7.227    14.1   2.806   8.702   5.881
   4.621   8.633   6.339   3.824    6.73   4.739   4.199   2.271   5.927   5.151   1.784   3.599   8.402   8.362   7.176   14.13   2.811   8.681   5.645
   4.575   8.796   6.423   3.798   6.665    4.67   4.149   2.237   5.817   5.021     1.7   3.618   8.484   8.365   7.138   14.18   2.806   8.643   5.373
   4.571   9.003    6.48   3.791   6.567   4.611   4.074   2.174    5.69   4.906    1.61   3.633   8.602   8.415   7.117   14.25    2.79   8.595   5.088
   4.612   9.243   6.515   3.803   6.451   4.572   3.978   2.091   5.556   4.814   1.521   3.641    8.75   8.509   7.119   14.33   2.764   8.546   4.817
   4.695   9.499   6.536   3.833   6.333   4.561   3.866   1.992   5.425   4.752   1.441   3.646   8.915   8.644   7.145   14.41   2.727   8.508   4.587
   4.814    9.76   6.547   3.879   6.228   4.587   3.746   1.885   5.307   4.727   1.378   3.648   9.088   8.806   7.195   14.49   2.681   8.482   4.419
   4.956   9.999   6.555   3.935   6.149   4.652   3.626   1.779   5.212    4.74   1.335   3.648   9.258   8.983   7.267   14.57   2.628   8.471   4.332
   5.107   10.22   6.559   3.997   6.103   4.757   3.513   1.684   5.148    4.79   1.313   3.648    9.41   9.157   7.357   14.62   2.569   8.473   4.326
   5.253   10.39   6.558   4.058   6.095   4.896   3.416   1.606   5.118   4.872   1.309   3.649   9.542   9.313   7.457   14.65   2.507   8.488   4.396
   5.379   10.49   6.549   4.114   6.122    5.06    3.34   1.555   5.123   4.978   1.313    3.65   9.642   9.434   7.559   14.65   2.446   8.501   4.523
   5.476   10.53   6.525   4.159   6.179    5.24   3.294   1.538    5.16   5.097   1.322   3.651   9.707   9.512   7.653   14.61   2.392   8.515   4.685
   5.534   10.51   6.483   4.189   6.257    5.42   3.282   1.557   5.221   5.218   1.329   3.649   9.734   9.535   7.731   14.55   2.349   8.522   4.859
   5.548   10.41   6.418   4.203   6.345   5.587   3.304    1.61     5.3   5.329    1.33   3.643   9.726   9.509   7.787   14.46   2.321   8.518   5.022
   5.517   10.26   6.331   4.197   6.432   5.731   3.356   1.695   5.388   5.423   1.324    3.63   9.683   9.433   7.815   14.35   2.311   8.497    5.16
   5.442   10.06   6.223   4.175   6.508   5.843   3.432   1.803   5.473   5.491    1.31    3.61   9.614   9.311   7.814   14.21   2.324   8.461   5.257
    5.33   9.814   6.096   4.136   6.565   5.915   3.524   1.926   5.549   5.529   1.288   3.584   9.524   9.161   7.785    14.1   2.359   8.412   5.309
   5.189   9.557    5.96   4.085   6.596   5.945   3.621   2.054   5.609    5.53   1.265   3.552   9.421   8.993   7.729   13.98   2.413   8.352    5.31
   5.031   9.301   5.821   4.025   6.599   5.931   3.716    2.18   5.648   5.496   1.241   3.517   9.312   8.824   7.654   13.89   2.483   8.288   5.263
   4.869   9.062    5.69   3.962   6.578   5.879   3.801   2.295   5.666   5.429   1.224   3.483   9.206   8.666   7.566   13.83   2.564   8.227   5.176
   4.722   8.858   5.576     3.9   6.539   5.793   3.871   2.391   5.662   5.332   1.218   3.453   9.108   8.533   7.474   13.78   2.649   8.175    5.06
   4.604   8.701    5.49   3.845   6.492   5.684   3.922   2.463    5.64   5.211   1.228   3.432    9.02   8.433   7.387   13.77   2.732   8.139    4.93
   4.532     8.6   5.443   3.802   6.449   5.564   3.951   2.506   5.604   5.075   1.255   3.422   8.949    8.37   7.314   13.79   2.805   8.124   4.801
   4.519   8.557   5.445   3.774   6.423   5.447   3.962   2.517    5.56   4.931   1.298   3.428   8.895   8.346   7.262   13.81   2.863   8.128    4.69
   4.571   8.572     5.5   3.766   6.422   5.346   3.954   2.493   5.516   4.788   1.353   3.449   8.859    8.36   7.236   13.86   2.899   8.147    4.61
   4.689   8.637   5.608   3.777    6.45   5.272   3.933   2.436   5.475   4.657   1.412   3.488   8.839   8.408   7.239    13.9   2.907   8.172   4.571
   4.863   8.748   5.762   3.805   6.509   5.234   3.903   2.349   5.444   4.543   1.471   3.542   8.834   8.483   7.269   13.93   2.888   8.196   4.574
   5.082    8.89   5.949   3.849   6.592   5.235   3.871   2.235   5.424   4.453   1.524   3.609   8.841   8.577   7.324   13.95   2.836   8.206   4.619
   5.326   9.051   6.154   3.904   6.689   5.272   3.838   2.102   5.418   4.391   1.564   3.684   8.858   8.682   7.398   13.93   2.759   8.191   4.696
   5.577   9.222   6.357   3.964   6.788   5.338   3.811    1.96   5.422   4.357   1.588   3.762   8.882    8.79   7.483   13.89   2.658   8.146   4.793
   5.815   9.389   6.542   4.022   6.879   5.423    3.79    1.82   5.438   4.352   1.594   3.837    8.91   8.894   7.572   13.82   2.543   8.069     4.9
   6.023    9.54   6.694   4.071   6.947   5.513   3.779   1.694   5.459   4.377   1.579   3.905   8.937   8.987   7.657   13.72   2.428   7.962   5.005
   6.187   9.668     6.8   4.105   6.986     5.6   3.774   1.594   5.484   4.424   1.546   3.959   8.966   9.064   7.733    13.6   2.327    7.83   5.098
   6.295   9.762   6.855   4.117   6.988   5.669   3.777   1.529   5.509   4.493   1.496   3.997   8.991   9.124   7.792   13.45   2.254   7.687    5.17
   6.342   9.817   6.857   4.106   6.954   5.716   3.784   1.504   5.531   4.577   1.434   4.015   9.013   9.169   7.833    13.3   2.224   7.544   5.216
   6.325   9.831   6.808   4.068   6.885   5.736   3.793   1.516   5.548   4.671   1.369   4.015   9.031   9.198   7.853   13.16   2.242   7.416   5.236
