   5.927   10.91   6.347   3.972    6.16   5.091   8.203   2.326   5.906   4.977   2.931   2.993   8.169   2.262   9.707    6.57   4.132   5.907   2.745   8.441   8.349
    5.87   10.83   6.317   3.963    6.27   5.117   8.143    2.36   5.911   5.031   2.968   2.933   8.139    2.18   9.658   6.629   4.204   5.947   2.731   8.475   8.329
   5.762   10.72   6.288    3.94   6.364   5.132   8.059   2.389   5.898   5.096   2.989   2.865   8.096   2.086   9.567   6.738   4.271   5.956   2.702   8.497   8.297
   5.608    10.6   6.259   3.908    6.43   5.141   7.955   2.416   5.867   5.164   2.995   2.792   8.047   1.987   9.443   6.889   4.328   5.925   2.661   8.509   8.261
   5.417   10.46   6.228    3.87   6.457   5.147   7.838    2.44    5.82   5.234   2.987   2.716   8.003   1.894   9.299   7.072   4.369   5.859   2.614   8.514   8.233
   5.203    10.3   6.198   3.832   6.442   5.157   7.717   2.461   5.756   5.299   2.966   2.643   7.967   1.813   9.142   7.278   4.391   5.756   2.566   8.512   8.222
   4.982   10.16   6.169   3.801   6.385   5.178   7.598    2.48   5.678   5.353   2.934   2.576   7.947   1.751   8.988   7.496   4.392   5.624   2.522   8.509   8.237
   4.773   10.03    6.14   3.779   6.289   5.216   7.493   2.498    5.59   5.393   2.893   2.517   7.948   1.712   8.846   7.711   4.374   5.475   2.489   8.503   8.281
   4.596   9.893   6.113   3.771   6.167   5.273    7.41   2.514   5.497   5.416    2.84    2.47   7.968   1.698   8.726   7.913    4.34   5.324   2.472   8.498   8.356
   4.467   9.786   6.091   3.777   6.036   5.349   7.356   2.529   5.405    5.42   2.776   2.437   8.007   1.707   8.634   8.089   4.296    5.19   2.473   8.491   8.457
   4.395   9.701   6.075   3.796   5.919   5.441   7.334   2.543   5.323   5.407   2.706   2.418   8.056   1.739   8.572   8.227   4.249   5.096   2.493   8.486   8.574
   4.384   9.639   6.065   3.824   5.842    5.54   7.344   2.554    5.26   5.379   2.634   2.412    8.11   1.789   8.542   8.321   4.207   5.063    2.53   8.479   8.696
   4.429   9.599   6.063   3.856   5.827   5.639   7.382   2.566   5.223   5.342   2.576   2.419   8.163   1.858   8.542   8.363   4.178   5.104   2.582    8.47   8.808
    4.52   9.574   6.068    3.89   5.888   5.728   7.436   2.573   5.219   5.303   2.544   2.435   8.204   1.942   8.568   8.355    4.17   5.222   2.641   8.458   8.899
   4.643   9.558   6.078   3.921   6.029   5.798   7.496   2.576   5.253   5.266   2.549    2.46   8.227    2.04   8.617   8.295   4.182   5.405   2.705   8.444   8.961
   4.785   9.548   6.092   3.948   6.238   5.842   7.551   2.577   5.325   5.239   2.601   2.494   8.227   2.149   8.683   8.193   4.216   5.634   2.767   8.426    8.98
   4.931   9.537   6.105   3.969   6.495   5.854   7.591   2.575    5.43   5.226   2.696   2.532   8.202   2.264   8.762   8.055   4.265   5.881   2.825   8.407   8.958
   5.069   9.521   6.115   3.985   6.772   5.834   7.607   2.569   5.561   5.229   2.824   2.575    8.15   2.381   8.848   7.893   4.325   6.122   2.876   8.388   8.895
   5.186   9.499   6.119   3.994   7.043    5.78   7.596   2.559   5.703   5.247   2.968    2.62   8.072   2.491   8.936   7.721   4.386   6.333   2.917    8.37    8.79
   5.274   9.468   6.118   3.998   7.282   5.698   7.559   2.548   5.846   5.277   3.111   2.662   7.973   2.585   9.021   7.551   4.443   6.494   2.948   8.355   8.652
   5.324   9.432   6.112   3.998   7.469   5.594   7.496   2.536   5.971   5.314   3.233   2.701   7.858   2.657   9.096   7.398   4.489   6.595   2.968   8.345   8.489
   5.335   9.391   6.105   3.995   7.592   5.477   7.416   2.525   6.068   5.351   3.324   2.733   7.734   2.699   9.157   7.271    4.52   6.627   2.977   8.338   8.311
   5.308   9.353   6.099   3.992   7.639   5.358   7.326   2.519   6.123   5.383   3.373   2.756   7.611   2.705   9.198   7.178   4.536    6.59   2.978   8.334   8.134
   5.251   9.325   6.101   3.992    7.61   5.248   7.238   2.517   6.132   5.403   3.376   2.771   7.496   2.673   9.212   7.124   4.538   6.489   2.969   8.333    7.97
   5.177   9.309   6.114       4   7.507    5.16    7.16   2.524   6.089   5.411   3.333   2.779   7.395   2.602   9.196   7.108   4.528   6.333   2.954   8.331   7.833
   5.105   9.315   6.142   4.021   7.339   5.104   7.104   2.541   5.996   5.402   3.248   2.785   7.318   2.495    9.15   7.129    4.51   6.134   2.933   8.325   7.737
   5.058   9.345   6.186   4.059    7.12    5.09   7.077   2.567   5.858   5.379    3.13   2.793   7.265   2.358   9.069   7.179    4.49   5.909   2.909   8.313    7.69
   5.058   9.401   6.247   4.117   6.867   5.118   7.085   2.606   5.683   5.344   2.988    2.81   7.239   2.198   8.957   7.251   4.474   5.675   2.884   8.292   7.696
   5.119   9.478    6.32   4.194   6.598   5.187   7.128   2.651   5.486   5.297   2.836   2.842   7.235   2.025   8.817   7.337   4.466   5.454   2.858   8.258   7.753
   5.247   9.573   6.403   4.284   6.337    5.29   7.204   2.705    5.28   5.243   2.683   2.891   7.253   1.851   8.658   7.425   4.472   5.265   2.831   8.214   7.852
   5.437   9.674   6.489    4.38   6.106   5.415   7.305    2.76   5.082   5.186   2.544   2.956   7.282   1.687   8.491   7.507   4.493   5.123   2.808    8.16   7.983
   5.673   9.772   6.572   4.472   5.925   5.544   7.424   2.814   4.907   5.128   2.429   3.032   7.319   1.544   8.328   7.576    4.53   5.045   2.785     8.1   8.128
   5.933   9.855   6.647   4.549   5.809   5.666   7.548   2.862    4.77   5.074   2.346   3.114   7.356   1.432   8.182   7.626   4.583   5.031   2.765   8.039   8.275
   6.195   9.916   6.706   4.602   5.759   5.765   7.666   2.903   4.682   5.029   2.303   3.194   7.388   1.359    8.07   7.658   4.647   5.082   2.747   7.982   8.405
   6.436   9.945   6.746   4.625   5.776    5.83    7.77   2.928   4.652   4.998   2.307   3.262   7.412   1.331   8.002    7.67   4.719   5.183   2.727   7.939   8.509
   6.637    9.94   6.762   4.613   5.844   5.855   7.852    2.94    4.68   4.988   2.356    3.31   7.424   1.348   7.987   7.664   4.792   5.315   2.708   7.914   8.578
   6.785   9.902   6.752   4.566   5.949   5.835   7.908   2.933   4.763   5.005   2.447   3.334   7.426   1.407   8.029   7.644    4.86   5.461   2.687   7.912   8.605
   6.868   9.838   6.717   4.487    6.07   5.772   7.937   2.909   4.893   5.051   2.573   3.328   7.419     1.5   8.129   7.615   4.918   5.602   2.663   7.937   8.592
   6.884   9.753   6.659   4.382   6.192    5.67    7.94   2.869   5.058   5.129   2.722    3.29   7.404   1.619    8.28   7.579   4.963   5.721   2.635    7.99   8.542
   6.832   9.661   6.584   4.258   6.303    5.54   7.921   2.813   5.242   5.233    2.88   3.224   7.389   1.752   8.473    7.54   4.988   5.806   2.606   8.067    8.46
   6.718   9.573   6.497   4.128   6.392   5.392   7.888   2.746   5.431   5.357   3.033    3.13   7.375   1.885   8.697   7.501   4.995   5.851   2.574   8.164   8.357
   6.556   9.504   6.406       4   6.454   5.241   7.847   2.671    5.61   5.491   3.166   3.013   7.369    2.01   8.937    7.46   4.981    5.85   2.543   8.274   8.244
   6.361   9.463   6.318   3.886   6.486   5.098   7.808   2.592   5.765   5.622    3.27   2.884    7.37   2.114   9.179   7.422   4.949   5.808   2.515   8.389   8.134
   6.154   9.463    6.24   3.796   6.491   4.981   7.778   2.516   5.886   5.738   3.332   2.752   7.383    2.19   9.404   7.385   4.901    5.73   2.493   8.499   8.036
   5.958   9.511   6.176   3.739   6.473   4.897   7.765   2.448   5.966   5.831    3.35   2.627   7.405   2.231   9.604   7.353   4.844   5.623    2.48   8.594    7.96
   5.794   9.605    6.13   3.721    6.44   4.852   7.772   2.391   6.003   5.894   3.325   2.521   7.437   2.239   9.758   7.327    4.78   5.504    2.48   8.668   7.914
   5.678   9.741   6.104   3.742   6.406   4.848   7.801   2.351   5.997   5.923   3.259   2.442   7.473   2.212    9.86   7.307   4.718   5.384   2.496   8.713   7.897
   5.615   9.907   6.097   3.804    6.38   4.883   7.849   2.327   5.955    5.92   3.163   2.398   7.509   2.159   9.904   7.297   4.661   5.281   2.526   8.728   7.913
   5.603   10.09   6.108   3.897   6.376   4.949    7.91   2.323   5.884   5.889   3.049   2.394   7.544   2.086   9.891   7.294   4.614    5.21   2.572   8.709   7.954
   5.629   10.27    6.13   4.015   6.404   5.038   7.977   2.336   5.792   5.834   2.933   2.424   7.569   2.005   9.825   7.302    4.58   5.181    2.63   8.663   8.019
   5.675   10.42   6.161   4.144    6.47   5.141   8.042   2.364    5.69   5.765   2.831   2.482   7.583   1.926   9.709   7.322   4.558     5.2   2.698   8.595   8.098
   5.722   10.54   6.196   4.276   6.574   5.246   8.096   2.405   5.587   5.693   2.756   2.558   7.584    1.86   9.563   7.354    4.55   5.265   2.772   8.511   8.185
   5.755    10.6   6.228   4.397   6.707   5.345   8.133   2.459   5.489   5.626   2.716   2.643   7.572   1.812   9.401   7.398   4.555    5.37   2.845   8.422   8.273
   5.763   10.59   6.253     4.5   6.858   5.434    8.15   2.519   5.398   5.573   2.709   2.726   7.548   1.784   9.238   7.454   4.567   5.497   2.911    8.34   8.357
   5.739   10.53   6.268   4.578   7.013   5.503   8.147    2.58   5.317   5.539   2.733   2.798   7.515   1.776    9.09   7.521   4.584   5.634   2.967   8.271   8.431
   5.681   10.43   6.269   4.624   7.158    5.55   8.123   2.637   5.245   5.525   2.779   2.854   7.483   1.781   8.967   7.592   4.601   5.766   3.004   8.219   8.491
   5.594   10.29   6.258   4.638   7.281   5.571   8.082   2.688   5.182   5.529   2.838   2.887   7.455   1.793   8.877   7.659   4.616   5.879   3.021   8.187    8.54
   5.482   10.14   6.235   4.619    7.37   5.569   8.031   2.719   5.123   5.545   2.902   2.898   7.439   1.809   8.819   7.716   4.623   5.961   3.014   8.173   8.577
   5.354   10.01   6.203   4.568   7.423   5.545    7.97   2.734   5.068   5.565   2.961   2.885   7.441   1.824   8.787   7.751    4.62   6.009   2.982   8.173   8.604
   5.222   9.922   6.166   4.491   7.435     5.5   7.903   2.722   5.017   5.577   3.011    2.85   7.461   1.836   8.775   7.753   4.605   6.017   2.928   8.177   8.628
   5.099   9.892   6.126   4.391    7.41    5.44   7.833   2.686    4.97   5.575   3.045   2.798   7.504   1.845   8.773   7.713   4.577   5.989   2.853    8.18   8.647
       5    9.93   6.087   4.277   7.356   5.372   7.758   2.622    4.93   5.547   3.063   2.736   7.566   1.851   8.772   7.628   4.535   5.931   2.765   8.175   8.667
   4.941   10.04   6.053   4.154   7.277   5.297   7.682   2.533   4.899   5.491   3.061   2.672   7.641   1.854   8.768   7.498   4.483    5.85    2.67   8.152   8.691
   4.933   10.21   6.024   4.028   7.186   5.221   7.601   2.425    4.88   5.402   3.043   2.615   7.722   1.856   8.756   7.326   4.422   5.755   2.576   8.113   8.713
   4.981   10.41   6.003   3.906   7.095   5.149   7.519   2.304   4.878   5.286   3.012   2.573   7.806   1.859   8.736   7.122   4.355   5.659   2.492   8.057   8.735
   5.083   10.66   5.989   3.793   7.011   5.083   7.435   2.181   4.897   5.147   2.974   2.554    7.88   1.867   8.708     6.9   4.287   5.571   2.427   7.986   8.752
   5.228    10.9   5.983   3.692   6.944   5.025   7.352   2.067   4.938   4.997   2.939    2.56   7.938   1.884   8.675   6.677   4.222   5.498   2.389   7.906   8.761
   5.398   11.13   5.984   3.606   6.902   4.975   7.274   1.981   5.004   4.847   2.913   2.591   7.978   1.915   8.642   6.471   4.164   5.447    2.38   7.825   8.759
   5.571   11.33   5.991   3.535   6.883   4.935   7.204   1.931   5.092   4.712   2.906   2.638   7.996   1.962   8.612     6.3   4.117    5.42   2.402    7.75   8.739
   5.727   11.47   6.001   3.481   6.887   4.903   7.147   1.915   5.197   4.607   2.923   2.696   7.991   2.026   8.591   6.181   4.083   5.415   2.453   7.691   8.703
   5.848   11.55   6.014   3.445   6.911   4.884   7.108   1.928    5.31   4.542   2.965   2.756   7.968   2.106   8.585   6.125   4.066   5.427   2.526   7.657   8.649
   5.921   11.55   6.027   3.427   6.946   4.874   7.093   1.958   5.422   4.525   3.029   2.807   7.928   2.196     8.6   6.142   4.066    5.45   2.612   7.656   8.579
   5.941   11.49   6.038   3.427   6.983   4.877   7.109   2.003   5.524   4.559   3.108   2.843   7.882   2.288    8.64    6.23   4.083   5.478   2.702    7.69   8.497
   5.907   11.36   6.043   3.446   7.017   4.891   7.162   2.054   5.605   4.639   3.194    2.86   7.833   2.376   8.708   6.387   4.118   5.503   2.785    7.76    8.41
   5.825   11.18   6.043   3.483    7.04   4.919   7.257   2.108   5.658   4.759   3.275   2.855   7.794   2.451   8.805   6.603   4.168   5.522   2.852   7.861    8.32
   5.707   10.97   6.037   3.538   7.047    4.96   7.397   2.165   5.682   4.909   3.343   2.829    7.77   2.506   8.926   6.865   4.233    5.53   2.897   7.987   8.238
   5.568   10.76   6.024   3.608   7.039   5.013   7.581   2.222   5.672    5.08   3.387   2.783   7.769   2.535   9.066   7.156    4.31   5.527   2.916   8.128   8.167
   5.425   10.58   6.005   3.689   7.017   5.076   7.804   2.281   5.635   5.261   3.406   2.724   7.794   2.536   9.215   7.456   4.396   5.514   2.903   8.273   8.115
   5.296   10.46    5.98   3.779   6.985   5.147   8.052   2.338   5.572   5.441   3.392   2.655   7.842   2.507   9.363    7.75   4.488   5.495   2.862   8.411   8.084
   5.197   10.42   5.949   3.871   6.948   5.224   8.309   2.388   5.495   5.607   3.347   2.584   7.909   2.452   9.502   8.016   4.581   5.474   2.798   8.536   8.076
   5.142   10.45   5.914   3.962   6.911   5.303   8.557   2.432    5.41   5.748   3.271    2.52   7.987   2.375   9.619   8.243    4.67   5.456   2.716   8.637   8.088
   5.136   10.54   5.875   4.045   6.881   5.381    8.77   2.464   5.328   5.856   3.171   2.467   8.066   2.286   9.713   8.415   4.752   5.447   2.628   8.716    8.12
   5.178   10.67   5.833   4.116    6.86   5.453    8.93   2.487   5.255   5.922   3.055   2.433   8.131   2.197   9.778    8.53   4.822   5.452   2.543   8.769   8.165
    5.26   10.79   5.789   4.171    6.85   5.518   9.017     2.5   5.201   5.944   2.934    2.42   8.173    2.12   9.813   8.579   4.875    5.47   2.472   8.806   8.218
    5.37   10.87   5.744   4.209   6.849   5.576    9.02   2.509   5.169    5.92   2.823    2.43   8.183   2.069   9.822   8.571    4.91   5.505   2.424   8.829   8.272
   5.493    10.9   5.702   4.227   6.854   5.623   8.934   2.523    5.16   5.859   2.738   2.461    8.15   2.049   9.816   8.509   4.925    5.55   2.404   8.851   8.322
   5.614   10.85   5.666   4.226   6.858   5.661   8.763   2.547   5.173   5.768   2.692   2.509   8.079   2.061   9.795   8.407   4.919   5.598   2.411    8.88   8.363
    5.72   10.72   5.639   4.207   6.855    5.69   8.518   2.587   5.205   5.663   2.691   2.569   7.968   2.101   9.773   8.277   4.895   5.648   2.443   8.927   8.392
   5.802   10.52   5.626   4.174   6.842    5.71   8.216   2.646   5.248   5.559   2.733   2.632   7.825   2.156   9.757   8.134   4.856   5.687   2.496   8.994   8.407
    5.85   10.25   5.629   4.131   6.813   5.724    7.88   2.715   5.295   5.474   2.809   2.694   7.663   2.214    9.75   7.993   4.806   5.712   2.562   9.086   8.412
   5.863   9.948    5.65   4.083   6.766   5.732   7.536   2.789   5.336   5.417   2.907   2.748   7.494   2.264   9.759   7.865   4.749   5.717   2.632   9.198   8.408
   5.839   9.624   5.691   4.035     6.7   5.731   7.211   2.858   5.366   5.394   3.015   2.792   7.333   2.297   9.786   7.755   4.691     5.7   2.701   9.324   8.398
   5.786   9.308    5.75   3.992   6.619   5.724   6.934   2.914   5.378   5.404   3.118   2.821   7.197   2.307   9.828   7.668   4.637    5.66   2.757   9.453   8.387
   5.711    9.03   5.825   3.959   6.528   5.708   6.731   2.948    5.37   5.437   3.207   2.837   7.097   2.291   9.886   7.602    4.59   5.605   2.797   9.567   8.379
   5.626   8.822    5.91   3.939   6.438    5.68   6.622   2.956   5.344   5.483   3.273    2.84   7.042   2.248   9.952   7.549   4.554   5.539   2.816   9.661   8.376
   5.544   8.719   6.002   3.932   6.359    5.64   6.621   2.936   5.302    5.53   3.308   2.834   7.039   2.182   10.02   7.504   4.528   5.478    2.81   9.716    8.38
   5.479    8.75   6.095   3.938   6.308   5.587   6.736   2.883   5.251   5.568   3.308   2.822   7.087   2.094    10.1   7.457   4.513   5.434   2.782   9.722   8.391
   5.438   8.934   6.182   3.954   6.301   5.518   6.961   2.804   5.199   5.588   3.273   2.809   7.178    1.99   10.16   7.402   4.508    5.42   2.734   9.673   8.406
    5.43   9.269   6.259   3.976   6.352   5.435   7.281   2.699   5.155   5.588   3.205   2.799   7.303   1.875   10.21   7.332    4.51   5.449   2.673   9.574   8.422
   5.454   9.731   6.323       4   6.467   5.341   7.673   2.574   5.127    5.57    3.11   2.799   7.452   1.757   10.25   7.245   4.516   5.528   2.609   9.425   8.436
   5.507   10.28   6.369    4.02   6.647   5.236   8.107   2.439   5.118   5.536   2.998   2.807   7.609   1.649   10.27   7.137   4.525   5.656   2.557   9.236   8.445
   5.583   10.88   6.396   4.032    6.88   5.126   8.552     2.3   5.132   5.492   2.882   2.829   7.765   1.564   10.27   7.012   4.533   5.828   2.529   9.019   8.445
   5.672   11.46   6.405   4.033   7.145   5.016   8.975    2.17   5.168   5.441   2.778   2.862   7.906   1.518   10.27   6.871   4.538   6.027   2.533   8.789   8.435
   5.765   11.98   6.398   4.021    7.42   4.912   9.348   2.067   5.224   5.392   2.702   2.907   8.024   1.524   10.24    6.72    4.54   6.238    2.57   8.567   8.416
   5.853   12.42   6.378   3.993   7.679   4.822   9.647   2.009   5.293   5.348   2.667   2.961   8.109   1.582   10.21   6.564   4.535   6.441   2.636    8.37   8.385
    5.93   12.72   6.349   3.954   7.899   4.753   9.854   2.003   5.368   5.313   2.675   3.021   8.161   1.683   10.18   6.412   4.525   6.619    2.72   8.214   8.349
   5.991   12.89   6.317   3.905   8.056   4.712   9.955   2.035   5.442   5.288    2.72   3.083   8.179   1.808   10.14   6.273   4.509   6.755   2.808   8.113   8.308
   6.034   12.91   6.289    3.85   8.138   4.704   9.955   2.098   5.508   5.273   2.788   3.144   8.162   1.936   10.09   6.155   4.486   6.839   2.887   8.069   8.269
   6.058    12.8   6.271   3.796   8.134   4.732   9.851   2.183    5.56   5.266   2.868     3.2   8.118   2.053   10.04   6.065   4.456   6.865   2.948   8.086   8.237
   6.064   12.56   6.265   3.747   8.041   4.793   9.653   2.281   5.592   5.264   2.945   3.249   8.057   2.143   9.991   6.012   4.419   6.827   2.981   8.155   8.219
   6.055   12.23   6.276   3.711   7.864   4.882    9.38   2.385   5.602   5.262   3.008   3.289   7.988     2.2   9.931   5.999   4.376    6.73   2.983   8.264   8.221
   6.038   11.81   6.304   3.692   7.612   4.992    9.05   2.487   5.589   5.253   3.049   3.319   7.923   2.219   9.867   6.031   4.329   6.579   2.954     8.4    8.25
   6.018   11.37   6.347   3.692   7.304   5.115   8.688   2.576   5.554   5.235   3.064   3.342   7.873   2.201   9.793   6.105   4.279   6.387   2.897   8.542   8.306
   5.999   10.93   6.403   3.712   6.957   5.238   8.321   2.649     5.5   5.202   3.048   3.356   7.846    2.15   9.711   6.222   4.227   6.169   2.816   8.678    8.39
   5.987   10.51   6.466    3.75   6.599   5.354   7.973   2.702   5.433   5.154   3.006   3.364   7.847   2.074   9.626   6.374   4.175   5.942   2.722   8.792   8.499
   5.984   10.16   6.532   3.802   6.259   5.454   7.665    2.73   5.359   5.092   2.939   3.369   7.879   1.983   9.536   6.553   4.128   5.724   2.624   8.871   8.624
   5.991   9.892   6.595   3.863   5.963   5.534   7.416   2.736   5.288   5.018   2.855   3.367   7.934   1.887   9.448   6.749   4.087   5.535   2.531   8.913   8.758
   6.003   9.716    6.65   3.928   5.737   5.588   7.236   2.723   5.227   4.939   2.761   3.362   8.008     1.8    9.37   6.952   4.053   5.393   2.456    8.91   8.889
   6.016   9.635   6.694   3.992   5.602   5.615   7.128   2.697    5.18    4.86    2.67    3.35   8.087   1.732   9.307   7.148   4.031   5.309   2.408   8.867   9.008
   6.022   9.637   6.724    4.05   5.569    5.62   7.088    2.66   5.153    4.79   2.591   3.329   8.167   1.696   9.268   7.327    4.02   5.286    2.39   8.792   9.099
   6.014   9.701   6.737     4.1   5.634   5.603   7.106   2.621   5.146   4.733    2.54   3.298   8.234   1.699    9.26   7.478    4.02   5.321   2.406   8.692   9.162
   5.986   9.807   6.734   4.139   5.782   5.571   7.171   2.586   5.157   4.694   2.522   3.254   8.282   1.744   9.289   7.591   4.032   5.403   2.452   8.582   9.188
   5.935   9.932   6.714   4.167   5.994   5.532   7.268   2.557   5.181   4.674   2.542   3.197   8.305   1.827   9.356   7.661   4.053   5.514   2.521   8.475   9.172
    5.86   10.06   6.679   4.185   6.241   5.487   7.384   2.539   5.216   4.675   2.597   3.126   8.301   1.942   9.459   7.684   4.081   5.637   2.604   8.383    9.12
   5.765   10.16   6.632   4.194   6.502    5.45   7.507    2.53   5.254   4.694    2.68   3.043   8.269   2.074    9.59   7.661   4.115   5.758    2.69   8.315   9.031
   5.656   10.25   6.576   4.195   6.756    5.42   7.625    2.53   5.292    4.73   2.779   2.952   8.213   2.211   9.732   7.596   4.153   5.861   2.767   8.275   8.915
   5.539    10.3   6.514   4.194   6.986   5.403   7.732   2.535   5.324    4.78   2.882   2.855   8.136   2.338   9.873   7.501   4.194   5.939   2.828   8.262   8.775
   5.423   10.32    6.45   4.192   7.179   5.397   7.822   2.544   5.351   4.843   2.978    2.76   8.042   2.443   9.997   7.386   4.236   5.987   2.866   8.272   8.623
   5.318   10.33   6.386   4.193   7.327   5.401   7.893   2.552    5.37   4.915   3.058   2.671    7.94   2.517   10.09   7.268   4.277   6.002   2.876   8.297   8.464
    5.23   10.32   6.327   4.199   7.427   5.409   7.945   2.559   5.381   4.994   3.113   2.594   7.832   2.553   10.14   7.162   4.317   5.991    2.86   8.327    8.31
   5.166   10.29   6.272   4.211   7.483   5.417    7.98   2.559   5.385   5.078    3.14   2.532   7.727   2.551   10.15   7.085   4.353   5.956   2.818   8.354   8.165
   5.129   10.27   6.222   4.228     7.5   5.417       8   2.552   5.384   5.165    3.14   2.492   7.627   2.515    10.1   7.049   4.386   5.909   2.757   8.371   8.035
    5.12   10.25    6.18   4.248    7.49   5.405   8.012   2.537    5.38   5.253   3.115   2.471   7.535   2.453   9.999   7.064   4.412    5.86   2.685   8.374   7.924
   5.136   10.25   6.143   4.267   7.467    5.38    8.02   2.519   5.376   5.342   3.072   2.472   7.457    2.38   9.857   7.132   4.432   5.821   2.613    8.36   7.833
   5.174   10.25   6.111   4.281   7.443   5.336   8.031     2.5   5.373   5.435   3.019   2.491   7.387   2.306   9.682   7.251   4.445   5.803   2.551   8.329   7.763
   5.226   10.27   6.083   4.285   7.432   5.277   8.051   2.485   5.373   5.532    2.97   2.524    7.33   2.245   9.486   7.417   4.452   5.812   2.511   8.285   7.713
   5.286    10.3   6.057   4.275   7.444   5.204   8.082   2.482   5.377   5.638   2.933   2.564   7.285   2.204   9.283   7.617   4.453    5.85   2.501   8.234   7.684
   5.347   10.33   6.032   4.248   7.478   5.124   8.129   2.494   5.385   5.755   2.919   2.606    7.25   2.185    9.09   7.838    4.45   5.914   2.526   8.182    7.67
   5.403   10.35   6.005   4.203   7.535   5.042   8.193   2.524   5.395   5.883   2.931   2.641   7.224   2.181   8.922   8.065   4.444   5.998   2.584   8.139   7.672
   5.449   10.36   5.975    4.14   7.606   4.963   8.273   2.567   5.407   6.021    2.97   2.665   7.211   2.186   8.794   8.282   4.439   6.091   2.671   8.112   7.686
   5.482   10.35   5.941   4.061   7.679   4.893   8.365   2.617   5.421   6.161   3.031   2.674   7.207   2.192   8.715   8.473   4.434   6.179   2.774   8.107   7.711
   5.499   10.32   5.902   3.969   7.741   4.838   8.463   2.668   5.434     6.3   3.105   2.661    7.21    2.19    8.69   8.618    4.43    6.25   2.886    8.13   7.744
   5.501   10.27   5.861   3.871    7.78   4.799   8.561   2.711   5.447   6.423   3.183   2.629   7.224    2.18   8.717   8.712   4.429   6.295   2.993   8.177   7.785
    5.49    10.2   5.818   3.772   7.787   4.776   8.651   2.741   5.461   6.524   3.257   2.577   7.246   2.162   8.789   8.738   4.432   6.308   3.086   8.243   7.831
   5.467   10.12   5.779   3.678   7.752   4.767   8.723   2.751   5.478    6.59   3.316   2.509   7.279   2.136    8.89   8.701   4.437   6.285   3.156   8.319   7.881
   5.437   10.04   5.745   3.596   7.675   4.769   8.769   2.738     5.5   6.617   3.355    2.43   7.318   2.107   9.006     8.6   4.446   6.229   3.196   8.391   7.929
   5.402   9.955    5.72   3.533   7.557   4.775    8.78   2.697   5.529   6.601    3.37   2.349   7.365   2.074   9.117   8.451   4.457   6.146   3.205   8.447   7.975
   5.366   9.889   5.706   3.491   7.405   4.784   8.753    2.63   5.565   6.541   3.355   2.272   7.419   2.037   9.207   8.271    4.47   6.042   3.179   8.476   8.017
    5.33   9.841   5.705   3.476   7.232   4.789   8.687   2.539   5.612    6.44   3.315   2.209   7.475   1.995   9.259   8.086   4.485   5.931   3.125   8.469    8.05
   5.294   9.815   5.717   3.488   7.049   4.788   8.582   2.426   5.668   6.306   3.251   2.165   7.532   1.947   9.268   7.923     4.5   5.827   3.048   8.424   8.075
   5.257   9.808   5.741   3.526   6.872    4.78   8.443   2.299   5.732   6.147    3.17   2.148   7.586   1.895   9.226   7.805   4.516   5.739    2.96    8.34   8.089
    5.22   9.818   5.775   3.587   6.718   4.765   8.278   2.171   5.802   5.976   3.083   2.158   7.633   1.845    9.14   7.748   4.532   5.678   2.873   8.225   8.094
    5.18   9.839   5.817   3.668   6.599   4.748   8.097    2.05   5.872   5.804   2.999   2.196   7.671   1.807   9.013   7.757   4.547   5.649     2.8   8.087   8.091
   5.139   9.865   5.862   3.764   6.527   4.734   7.913   1.958   5.938   5.644    2.93   2.254   7.698   1.794   8.859   7.826   4.561   5.653   2.751    7.94   8.085
   5.097   9.889   5.908   3.868   6.502   4.729   7.738   1.915   5.994    5.51   2.885   2.329   7.711   1.818   8.691   7.942   4.574   5.686   2.734   7.797   8.078
   5.057   9.912   5.949   3.973   6.524   4.739   7.585   1.932   6.032   5.409   2.868    2.41   7.716   1.881   8.526   8.084   4.586   5.736   2.747   7.673   8.072
   5.022    9.93   5.982   4.074   6.585   4.771   7.465   1.993   6.048   5.352    2.88   2.492   7.713   1.978   8.381   8.233   4.595   5.796   2.786    7.58   8.076
   4.996   9.945   6.003   4.164   6.673    4.83   7.386   2.091   6.035   5.339   2.914   2.567   7.703   2.093   8.268   8.373   4.604   5.854   2.843    7.53    8.09
   4.982   9.962    6.01   4.238   6.772   4.917   7.356   2.213   5.993    5.37   2.963   2.629   7.693   2.211   8.197   8.492   4.611   5.896   2.907   7.527   8.117
   4.984   9.986   6.003   4.293   6.869   5.029   7.373   2.349   5.921   5.441   3.018   2.673   7.683   2.316   8.175   8.581   4.617   5.915    2.97   7.573   8.153
   4.999   10.01   5.979   4.325   6.954    5.16   7.436   2.489   5.823   5.539   3.069   2.697   7.676   2.395   8.202   8.634    4.62   5.907   3.025   7.664     8.2
   5.026   10.06   5.941   4.334   7.015   5.298   7.534   2.623   5.707   5.655    3.11   2.699   7.674   2.441   8.271   8.649   4.621   5.869   3.066   7.791   8.253
    5.06   10.11   5.889    4.32    7.05   5.433   7.662   2.743   5.581   5.773   3.136   2.681   7.672   2.451   8.376   8.629   4.619   5.804   3.091   7.942   8.306
   5.094   10.18   5.826   4.286   7.057   5.553   7.806   2.842   5.459   5.883   3.144   2.644   7.676   2.425   8.503   8.572   4.613   5.719     3.1   8.103   8.354
   5.123   10.26   5.754   4.234   7.039   5.647   7.953   2.912   5.352   5.972   3.133   2.592    7.68   2.369   8.639   8.482   4.605   5.621   3.093   8.258   8.388
    5.14   10.34   5.679   4.168   7.002   5.707   8.093   2.949   5.271   6.035   3.104   2.531   7.684   2.291    8.77   8.365   4.593   5.524   3.075   8.395   8.403
    5.14   10.41   5.605   4.093   6.955   5.726   8.211   2.951   5.224   6.066    3.06   2.464   7.687   2.204   8.884   8.231    4.58   5.441   3.049   8.501   8.397
   5.118   10.48   5.537   4.015   6.909   5.702     8.3   2.918   5.213   6.065   3.007   2.398   7.686    2.12   8.972   8.093   4.566   5.384   3.022   8.568   8.365
   5.072   10.53   5.481   3.936   6.869   5.641   8.352   2.852   5.237   6.031   2.951   2.337   7.683   2.053   9.027   7.963   4.552    5.36   2.996   8.594   8.308
   4.999   10.56   5.442   3.861   6.844   5.544   8.359   2.756   5.291    5.97     2.9   2.285   7.678   2.017   9.049   7.855   4.536   5.374   2.976   8.579   8.231
   4.902   10.56   5.424   3.793   6.836   5.425   8.323   2.641   5.363   5.888   2.862   2.244   7.673    2.02   9.042   7.782   4.522   5.424   2.966   8.531   8.142
   4.782   10.54   5.429   3.734   6.845   5.293   8.245   2.513   5.448   5.791   2.842   2.213   7.671   2.067   9.018   7.748   4.508   5.501   2.967   8.458   8.049
   4.646    10.5   5.457   3.687   6.869   5.164   8.135   2.384   5.535   5.687   2.845   2.193   7.673   2.154   8.987   7.754   4.496   5.598   2.979   8.373   7.963
   4.504   10.44   5.504   3.653   6.902   5.053   8.001   2.269   5.615   5.586   2.869   2.183   7.687    2.27   8.963   7.793   4.486   5.701       3   8.289   7.898
   4.364   10.36   5.567   3.631   6.935   4.972   7.861   2.182   5.683   5.494    2.91   2.182   7.712   2.404   8.956   7.854   4.479   5.802   3.025   8.218   7.859
   4.242   10.28   5.637   3.622   6.964   4.929   7.727   2.132   5.734   5.419   2.962   2.188   7.752   2.539   8.974   7.922   4.476   5.888   3.051   8.169   7.856
   4.151   10.21   5.709   3.626   6.982   4.932   7.617   2.121   5.764   5.369   3.014   2.203   7.804   2.661   9.016   7.985   4.479   5.949   3.075   8.144   7.887
   4.105   10.14   5.774   3.642   6.982   4.976   7.545   2.141   5.771   5.351   3.063   2.226   7.865   2.757   9.076   8.033    4.49   5.981   3.092   8.145    7.95
   4.115   10.08   5.827   3.669   6.962   5.058   7.516   2.188   5.757   5.364   3.097   2.259   7.929   2.818   9.143   8.061   4.509   5.977   3.098   8.165   8.036
   4.189   10.03   5.866   3.705   6.924   5.165   7.533   2.248   5.722   5.413   3.116   2.298   7.992   2.835   9.202    8.07   4.539   5.938   3.098   8.201   8.136
   4.324   9.978   5.886   3.749    6.87   5.284   7.591   2.318    5.67   5.494   3.116   2.346   8.042   2.805   9.242   8.063   4.578   5.868   3.087   8.242   8.236
   4.512   9.938   5.889   3.798   6.809   5.404   7.677   2.389   5.606   5.602   3.095     2.4   8.075   2.731   9.248   8.049   4.624   5.772   3.072    8.28   8.329
   4.739   9.904   5.875   3.851    6.75    5.51   7.782   2.458   5.537   5.729    3.06   2.461   8.084   2.617   9.219   8.035   4.675   5.661   3.056   8.309   8.401
   4.987   9.872   5.845   3.907   6.705   5.591   7.893   2.516    5.47   5.868   3.012   2.524   8.066   2.473   9.146   8.034   4.726    5.55   3.041   8.322   8.446
   5.239   9.844   5.803   3.964   6.686   5.637   8.003   2.565   5.408   6.012    2.96   2.587   8.019   2.313   9.034    8.05   4.773   5.453   3.033   8.314   8.458
   5.477   9.819   5.751    4.02     6.7   5.643   8.102   2.601   5.356   6.147    2.91   2.652   7.943   2.153   8.886   8.091   4.813   5.384   3.033   8.285   8.435
   5.685   9.796   5.696   4.074   6.746   5.608   8.187   2.626   5.316   6.266   2.869   2.713   7.841   2.009   8.709   8.157    4.84   5.353   3.039   8.232   8.375
   5.851   9.775    5.64   4.127   6.821   5.531   8.252   2.639   5.284   6.361   2.843   2.769   7.718   1.895   8.514   8.243    4.85    5.36   3.049   8.161   8.286
   5.965   9.758   5.591   4.176   6.911   5.421   8.296   2.641    5.26   6.426   2.834    2.82   7.584   1.818   8.314   8.342    4.84   5.403   3.059   8.077   8.175
   6.023   9.746   5.553   4.221   7.003   5.286   8.315   2.636    5.24   6.452    2.84   2.865    7.45   1.781   8.124   8.444    4.81   5.469   3.062   7.989   8.056
   6.023    9.74   5.533    4.26   7.073    5.14   8.313   2.625    5.22   6.439   2.858   2.905   7.324   1.774   7.962   8.532   4.757   5.544   3.052   7.909   7.944
   5.968   9.749   5.535    4.29   7.108       5   8.291   2.609   5.197   6.382   2.881   2.939   7.222   1.789    7.85   8.595   4.682   5.609   3.023   7.848   7.859
   5.866   9.778   5.564   4.309   7.095   4.881   8.259   2.592   5.172   6.284   2.905   2.969   7.155   1.817   7.808   8.619   4.588   5.651   2.972   7.819   7.818
   5.728   9.838   5.623   4.314   7.026   4.797   8.224   2.572   5.144    6.15   2.924   2.996    7.13    1.85   7.852   8.589   4.477   5.664   2.898   7.829   7.834
   5.569   9.938   5.708   4.301   6.901   4.758   8.199   2.555   5.119   5.982   2.936   3.021   7.154   1.883   7.991   8.505   4.355   5.642   2.802    7.88   7.915
   5.403   10.09   5.816   4.268   6.725   4.767   8.195   2.542   5.099   5.789   2.938   3.046   7.225   1.913   8.221   8.366   4.228   5.587   2.685    7.97   8.056
   5.248   10.28   5.941   4.212   6.507   4.818    8.22   2.531   5.089   5.583   2.927   3.068   7.343   1.938   8.528   8.177   4.102   5.504   2.556   8.091   8.246
   5.117   10.52   6.076   4.134   6.262   4.901   8.279   2.525   5.095   5.374   2.905    3.09   7.492   1.958   8.886   7.952   3.984   5.404    2.42   8.229   8.466
   5.021   10.77   6.214   4.035   6.005   5.004   8.371   2.525   5.119   5.175   2.873   3.108   7.664    1.97   9.264   7.707   3.883   5.298   2.289   8.369   8.696
   4.964   11.04   6.348   3.919   5.757   5.113   8.488   2.531   5.161   4.997   2.831   3.122   7.842   1.975    9.63   7.462   3.807   5.203   2.172   8.499   8.914
   4.945   11.28   6.474    3.79   5.537   5.218   8.617    2.54   5.223   4.852   2.785   3.129   8.015   1.973   9.954   7.239   3.759    5.13   2.081   8.605   9.103
   4.958   11.48   6.589   3.655   5.366   5.307   8.741   2.555   5.298   4.749   2.737   3.127   8.166   1.967   10.21   7.053   3.745   5.096   2.026    8.68   9.243
   4.992   11.62   6.692    3.52   5.266   5.379   8.846   2.574    5.38   4.695   2.695   3.118    8.29   1.962   10.39   6.915   3.763   5.109   2.012    8.72   9.338
   5.039   11.68    6.78   3.393    5.25   5.429   8.918   2.598   5.461   4.691   2.666   3.095   8.378   1.964   10.47    6.83   3.813   5.172   2.041   8.722   9.368
   5.087   11.66   6.856    3.28   5.323   5.457   8.948   2.627    5.53   4.735   2.655   3.062   8.428   1.978   10.45   6.798   3.889   5.281   2.107   8.689   9.345
   5.129   11.54   6.921   3.186   5.481   5.464    8.93   2.657   5.577   4.818    2.67   3.019   8.442    2.01   10.35   6.813   3.983   5.426   2.202   8.626   9.272
   5.159   11.34   6.974   3.116   5.703   5.454   8.864   2.687   5.595   4.928   2.715   2.964   8.423   2.058   10.17   6.867   4.088   5.592   2.313    8.54   9.156
   5.173   11.08   7.017   3.075   5.968   5.433   8.754   2.719   5.576   5.053   2.784   2.902    8.38   2.122   9.935   6.954   4.194   5.759   2.429   8.438   9.015
   5.168   10.76   7.052   3.061   6.245   5.404   8.609   2.743   5.518   5.179   2.873   2.833   8.322   2.192   9.658   7.062   4.294   5.909   2.541   8.332   8.858
   5.148   10.43   7.077   3.075    6.51   5.374    8.44   2.759   5.423   5.292   2.971   2.762    8.26   2.262   9.369   7.182    4.38   6.027   2.637   8.229   8.706
   5.115    10.1   7.094   3.115    6.74   5.349   8.254   2.766   5.294   5.384   3.068   2.691   8.204   2.322   9.086   7.301   4.447   6.103   2.711   8.138   8.572
   5.072   9.788   7.101   3.175   6.919   5.333   8.065   2.759   5.141   5.445   3.153   2.628   8.164   2.362   8.835   7.405    4.49   6.132   2.756   8.066   8.472
   5.025   9.528   7.099    3.25    7.04   5.328   7.884   2.738   4.977   5.469   3.219   2.575   8.147   2.379   8.632   7.484   4.508   6.113   2.772   8.017   8.416
   4.981   9.334   7.089   3.333     7.1   5.332    7.72   2.703   4.818   5.457   3.257    2.54   8.156   2.369   8.489   7.525   4.499   6.054   2.757   7.991   8.407
   4.946   9.217   7.072   3.419   7.103   5.347   7.581   2.654    4.68    5.41   3.265   2.527   8.189   2.334   8.411   7.526   4.466    5.97   2.716   7.987   8.443
   4.927   9.182   7.048   3.499   7.061   5.365   7.471   2.598    4.58   5.334   3.245   2.539   8.241   2.276   8.395   7.487   4.413   5.875   2.655   7.997   8.516
   4.927   9.225   7.021   3.568   6.991   5.381   7.395   2.535   4.535   5.235   3.197   2.577   8.305   2.202   8.431   7.415   4.343   5.791   2.583   8.015   8.611
   4.951   9.338   6.994   3.622   6.911    5.39   7.352   2.474   4.552   5.123    3.13    2.64   8.369   2.121   8.505   7.325   4.264   5.738    2.51    8.03   8.713
   4.998   9.505   6.968    3.66    6.84   5.387   7.341   2.418   4.635    5.01   3.049   2.722   8.426    2.04   8.599   7.233   4.182   5.733   2.449   8.033   8.803
   5.067   9.705   6.946    3.68   6.794   5.371   7.356   2.375   4.779   4.902   2.963   2.818   8.462   1.968   8.697   7.158   4.106   5.786   2.407   8.016   8.868
   5.155   9.922   6.926   3.685   6.785   5.337   7.391   2.344   4.972    4.81   2.882    2.92   8.473   1.911   8.781   7.115   4.042   5.898   2.392   7.976   8.898
   5.257   10.13   6.909   3.679   6.815   5.289   7.438    2.33   5.198   4.742   2.812   3.022   8.454   1.872   8.841   7.108   3.995   6.065   2.406   7.908   8.888
   5.367   10.33   6.893   3.666   6.884   5.228   7.492   2.327   5.436   4.698   2.757   3.116   8.403   1.851   8.869   7.139   3.969   6.273   2.446   7.815   8.836
    5.48   10.47   6.874   3.652   6.985   5.162   7.545   2.331    5.67   4.682   2.719   3.195   8.321   1.846   8.865   7.196   3.966   6.504   2.504   7.701   8.747
   5.589   10.57   6.849   3.642   7.104   5.093   7.594   2.337   5.883   4.693     2.7   3.256   8.218   1.852   8.831   7.268   3.983    6.74   2.571   7.575    8.63
   5.688   10.64   6.813   3.639   7.229    5.03   7.635   2.345   6.058   4.728   2.697   3.293   8.098   1.865   8.771   7.337   4.019   6.961   2.639   7.444   8.495
   5.772   10.65   6.766   3.646   7.347   4.977   7.669   2.349   6.187   4.785   2.708   3.305   7.972   1.879   8.703   7.394   4.067   7.146   2.699   7.321   8.357
   5.836   10.63   6.705   3.663   7.442   4.938   7.697   2.351   6.262   4.859    2.73   3.292   7.852   1.891   8.635   7.429   4.123   7.281   2.741   7.216   8.229
   5.879   10.58   6.631   3.688   7.506   4.917   7.723   2.351    6.28   4.947   2.759   3.255   7.748   1.898   8.582    7.44   4.182   7.356   2.763   7.138   8.123
   5.898   10.51   6.546   3.719   7.528   4.912    7.75    2.35   6.242   5.046   2.793   3.198   7.666   1.896   8.556   7.428   4.239   7.363   2.759   7.095    8.05
   5.893   10.44   6.453   3.752   7.503   4.924   7.781   2.351   6.155   5.153    2.83   3.125   7.614   1.885   8.566   7.398   4.294   7.299   2.729   7.093   8.011
   5.865   10.39   6.358   3.786   7.432    4.95   7.819   2.354   6.029   5.265   2.867   3.043   7.592   1.866   8.613   7.357   4.342   7.172   2.674   7.134   8.009
   5.818   10.35   6.265   3.815   7.322   4.984   7.868    2.36   5.875   5.379   2.902   2.961   7.601   1.838   8.697   7.314   4.386   6.991   2.599   7.215    8.04
   5.754   10.34   6.181   3.839   7.183   5.022   7.927   2.372   5.705   5.494   2.935   2.884   7.634   1.807   8.817   7.275   4.424   6.772   2.512   7.334   8.094
   5.678   10.34   6.115   3.857   7.031   5.058   7.993   2.391   5.534   5.607   2.966   2.817   7.685   1.776   8.958   7.248   4.459   6.535   2.422   7.481   8.162
   5.596   10.36    6.07   3.868   6.883    5.09   8.063   2.418   5.371   5.714   2.995   2.768   7.748   1.753   9.114   7.236   4.489   6.303   2.343    7.65   8.233
    5.51    10.4   6.052   3.872   6.755   5.114   8.133   2.454   5.224   5.811   3.021   2.736   7.811   1.741   9.271    7.24   4.515   6.095   2.286    7.83   8.298
   5.426   10.43   6.061   3.871   6.662   5.126   8.191   2.497   5.101   5.897   3.047   2.719   7.866   1.747   9.421   7.258   4.538   5.921   2.261   8.009   8.347
   5.347   10.45   6.096   3.865   6.602   5.129   8.233   2.543       5   5.962   3.069   2.712   7.907   1.772   9.551   7.285   4.557   5.792   2.271   8.175   8.371
   5.278   10.46   6.152   3.859   6.572   5.124   8.251    2.59   4.922   6.006    3.09   2.711   7.929   1.814   9.653   7.314   4.572   5.701   2.313   8.318   8.374
    5.22   10.43   6.225   3.855   6.557   5.114   8.234    2.63   4.861   6.021   3.108    2.71    7.93   1.871    9.72   7.336   4.584   5.639   2.378   8.433   8.355
   5.176   10.38   6.302   3.857   6.537   5.102   8.182   2.659   4.817   6.007    3.12   2.706    7.91   1.938   9.751   7.341   4.592    5.59   2.456   8.511   8.315
   5.147   10.29   6.377   3.867   6.499   5.096   8.091   2.674   4.782   5.958   3.127   2.695    7.87   2.009   9.744   7.323   4.597   5.539   2.534   8.551   8.264
   5.134   10.16    6.44   3.889   6.427   5.096   7.964   2.669   4.754   5.876   3.129   2.677   7.816   2.079   9.703   7.277   4.597   5.474   2.604   8.552   8.207
   5.134   10.03   6.486   3.922   6.316   5.107   7.805   2.645   4.732   5.764   3.122   2.653   7.749   2.143   9.631   7.201   4.594   5.387   2.658    8.52   8.156
   5.147   9.867   6.509   3.965   6.167   5.132   7.623   2.603   4.716   5.627   3.108   2.624   7.679   2.199   9.541   7.097   4.589   5.273   2.695   8.459   8.112
    5.17   9.708   6.506   4.014   5.986   5.166    7.43   2.546   4.705   5.473   3.087   2.594   7.611   2.243   9.438   6.976    4.58   5.139   2.712   8.377   8.084
     5.2    9.56   6.479   4.065   5.786   5.207   7.239   2.478   4.705   5.313   3.063   2.563   7.546   2.276   9.334   6.847   4.568   4.993   2.712   8.284   8.072
   5.234   9.436   6.432    4.11   5.585   5.252   7.064   2.404   4.722   5.157   3.036   2.538    7.49   2.296   9.239   6.722   4.554   4.841   2.697   8.192   8.072
   5.272   9.346   6.371   4.145   5.402   5.297   6.919   2.331   4.757   5.018   3.009   2.521   7.445   2.306    9.16   6.616   4.538   4.699   2.674    8.11   8.083
   5.309   9.298   6.304   4.165   5.259   5.333   6.815   2.265   4.815   4.905   2.986   2.514   7.412   2.308   9.101   6.541   4.521   4.584   2.644   8.046   8.097
   5.347   9.296    6.24   4.167   5.175   5.361   6.761   2.212   4.896   4.826   2.967   2.521   7.392   2.304   9.062   6.506   4.504   4.512   2.618   8.005    8.11
   5.384   9.338    6.19    4.15   5.171   5.376   6.762   2.176   4.999   4.783   2.954   2.542    7.38   2.298   9.043   6.515   4.488   4.498   2.601   7.994   8.115
    5.42   9.423   6.162   4.114   5.255   5.378    6.82   2.162   5.116   4.779   2.947   2.577   7.378   2.292   9.039   6.569   4.474   4.552   2.596    8.01   8.109
   5.456   9.537   6.159   4.063   5.431   5.367    6.93   2.171   5.238   4.811   2.946   2.625   7.383   2.288   9.046   6.667   4.462   4.679    2.61   8.052   8.092
   5.493   9.676   6.183   4.001   5.687   5.345   7.083   2.203   5.357   4.871    2.95   2.683   7.393   2.288   9.058   6.802   4.454    4.87   2.641   8.113   8.063
   5.531   9.825    6.23   3.932   6.008   5.314   7.268   2.255   5.462   4.953   2.955   2.747   7.408   2.291   9.071   6.966   4.451   5.109   2.689   8.191   8.027
    5.57   9.971   6.292   3.863   6.364   5.279   7.473   2.319   5.543   5.047   2.961   2.813   7.429   2.295   9.082   7.147   4.454   5.375   2.747   8.272   7.989
   5.608   10.11    6.36   3.799   6.728   5.243   7.681   2.388   5.594   5.143   2.964   2.874   7.454     2.3   9.086   7.334   4.464   5.646   2.808   8.352   7.956
   5.643   10.22   6.424   3.745   7.071   5.211   7.875   2.454    5.61   5.233   2.965   2.929   7.486   2.305   9.085   7.511    4.48   5.897   2.864   8.422   7.935
   5.673    10.3   6.474   3.705   7.363   5.184   8.042   2.509    5.59   5.307   2.963   2.973   7.527   2.307   9.076   7.665   4.502   6.107   2.907   8.476   7.932
   5.694   10.34     6.5   3.683   7.585   5.164   8.169   2.549   5.536   5.361   2.958   3.003   7.574   2.308    9.06   7.784    4.53   6.258    2.93    8.51   7.951
   5.704   10.35   6.497   3.681   7.717    5.15   8.243   2.572   5.454   5.389   2.956   3.021   7.626   2.309   9.037   7.858   4.561   6.342   2.928   8.519   7.993
   5.698    10.3    6.46   3.699   7.751    5.14    8.26   2.576    5.35   5.392   2.958   3.025   7.682    2.31    9.01   7.885   4.594   6.349   2.902   8.502   8.054
   5.675   10.23    6.39   3.738   7.686    5.13   8.219   2.561   5.235   5.374    2.97   3.015   7.739   2.315   8.979   7.868   4.627   6.283   2.854   8.461   8.127
   5.633   10.11   6.288   3.794   7.528   5.118   8.124   2.533   5.119   5.341   2.998   2.995    7.79   2.326   8.945   7.815   4.659   6.148   2.785   8.396   8.204
   5.571   9.969    6.16   3.864   7.294     5.1   7.982   2.495   5.013   5.305   3.047   2.968   7.832   2.344   8.908   7.741   4.688    5.96   2.703   8.314    8.27
    5.49    9.81   6.014   3.943   7.007   5.072   7.808   2.455   4.928    5.28   3.118   2.935   7.859   2.374    8.87   7.663   4.714   5.739   2.617   8.219    8.32
   5.392   9.644   5.862   4.025   6.697   5.034   7.616   2.421   4.875   5.275   3.213     2.9   7.867   2.413   8.829     7.6   4.738   5.503   2.533   8.118    8.34
   5.281    9.48   5.713   4.105   6.395   4.987   7.423   2.402   4.858   5.301   3.327   2.866   7.855   2.463    8.79   7.565   4.757   5.283    2.46   8.019   8.327
   5.165    9.33   5.582   4.178   6.138   4.933   7.244     2.4   4.881   5.357   3.455   2.834    7.82   2.521   8.751   7.567   4.774   5.102   2.407   7.927   8.278
   5.051   9.197   5.477   4.241   5.951   4.876   7.092   2.423   4.938   5.438   3.588   2.809   7.765   2.582   8.715   7.608   4.787   4.979    2.38   7.849   8.197
    4.95   9.091   5.409   4.291   5.852   4.823   6.976   2.467   5.023   5.535   3.717    2.79   7.691   2.643   8.683   7.678   4.792   4.925   2.385   7.791   8.087
   4.869    9.01   5.382   4.328   5.843   4.778   6.898   2.529   5.123    5.63    3.83    2.78   7.602   2.699   8.661   7.767   4.792   4.937    2.42   7.754   7.959
   4.819   8.957   5.401   4.351   5.908   4.749   6.862   2.604   5.226   5.709   3.918   2.778   7.507   2.742   8.648   7.861   4.783   5.004   2.486   7.744   7.825
   4.804   8.928   5.463   4.363   6.022   4.742   6.862   2.687   5.319   5.755   3.971   2.785    7.41   2.768   8.648   7.946   4.764   5.105   2.578   7.758   7.698
   4.825   8.921   5.562   4.365   6.156   4.765   6.894    2.77   5.391    5.76   3.984     2.8   7.323   2.774   8.664    8.01   4.733   5.216    2.69   7.799   7.594
   4.879   8.933    5.69   4.359   6.285   4.819   6.954   2.846   5.433   5.718   3.953   2.821    7.25   2.758   8.693    8.05    4.69   5.318   2.813   7.861   7.525
   4.958   8.958   5.838   4.346   6.388   4.908   7.036   2.913   5.442   5.627   3.877   2.844     7.2   2.721   8.738    8.06   4.636   5.397   2.938   7.942   7.503
    5.05   8.994   5.994   4.327   6.455    5.03   7.136   2.964   5.419   5.493   3.759   2.871   7.176   2.666   8.797   8.041   4.569   5.442   3.057   8.037   7.534
   5.145   9.035   6.149   4.304   6.477    5.18   7.248   2.999   5.367   5.325   3.606   2.897   7.181   2.598   8.866   8.002   4.495   5.451   3.162    8.14   7.619
   5.232   9.078   6.293   4.277   6.455    5.35   7.369   3.016   5.294   5.134   3.428   2.924   7.218   2.527   8.941   7.948   4.416   5.427   3.247   8.244   7.755
   5.303   9.119   6.417   4.245   6.394   5.531   7.491   3.015   5.208   4.936   3.239   2.949   7.283   2.461   9.017   7.887   4.336   5.376   3.309   8.344   7.929
   5.353   9.156   6.515   4.209   6.306   5.711   7.611   2.998   5.122   4.744   3.056   2.972   7.372   2.408    9.09   7.831    4.26   5.311   3.346   8.435   8.129
   5.379   9.186   6.584   4.169   6.204   5.876   7.723   2.968   5.046   4.577   2.894   2.993   7.482   2.377   9.157   7.788   4.194   5.244   3.356   8.512   8.337
   5.383   9.213   6.623   4.126   6.107   6.019   7.826    2.93   4.993    4.45   2.768   3.012   7.603   2.368   9.214   7.764   4.142    5.19   3.343   8.573   8.536
   5.369   9.242   6.633    4.08   6.029   6.127   7.918   2.886   4.973   4.375    2.69   3.027   7.729   2.381   9.257   7.762   4.109   5.163    3.31   8.618   8.711
   5.343   9.285   6.615   4.031   5.987   6.195   8.003   2.842   4.994   4.363   2.657   3.037    7.85    2.41   9.289   7.784   4.096   5.171   3.259   8.643    8.85
   5.313   9.351   6.574   3.984   5.991   6.217   8.083   2.796   5.059    4.42   2.665   3.041   7.962   2.448   9.312   7.824   4.105   5.225   3.196   8.651   8.943
    5.29   9.454   6.515   3.937   6.043   6.195   8.165   2.753   5.168   4.541   2.702    3.04    8.06   2.487   9.325   7.875   4.134   5.323   3.125   8.646   8.986
   5.282   9.601   6.443   3.897   6.137    6.13   8.253    2.71   5.316   4.717   2.754   3.031   8.138    2.52   9.334   7.928   4.181   5.464   3.049   8.625    8.98
   5.299   9.797   6.361   3.865   6.261   6.027   8.349   2.665   5.492   4.934   2.812   3.018   8.195   2.541   9.343   7.972   4.243   5.632   2.972   8.593   8.934
   5.348   10.04   6.275   3.845   6.396   5.897   8.452   2.618   5.685   5.173   2.869   2.998   8.234   2.546   9.353   7.999   4.314   5.817   2.899   8.553    8.86
   5.431   10.31   6.188   3.839   6.527   5.749   8.561    2.57   5.882   5.415   2.916   2.977   8.253   2.536   9.367   8.001   4.393   6.002   2.831   8.508   8.768
   5.549   10.61   6.105   3.848   6.637   5.596   8.667   2.515   6.065   5.643   2.951   2.954   8.252   2.507   9.384    7.98   4.471   6.171    2.77   8.461   8.677
   5.693    10.9   6.028   3.873   6.711   5.451   8.761    2.46   6.222   5.838    2.97   2.934    8.24   2.463   9.402   7.932   4.547    6.31   2.719   8.413   8.599
   5.855   11.17    5.96   3.911   6.741   5.326   8.837   2.405   6.342    5.99   2.972   2.917   8.215   2.404   9.418   7.865   4.615    6.41    2.68   8.368   8.545
   6.021   11.38   5.904   3.958   6.723   5.232   8.882   2.353   6.419    6.09   2.956   2.906   8.183   2.334    9.43   7.785   4.672   6.466   2.654   8.328   8.524
   6.175   11.53   5.862   4.012   6.661   5.177   8.891   2.308   6.444   6.135   2.925   2.902   8.147    2.26   9.425   7.703   4.715   6.479   2.641   8.293   8.537
   6.304    11.6   5.835   4.068   6.559   5.159   8.861   2.273    6.42   6.126   2.882   2.902   8.108    2.19   9.408   7.629   4.742   6.455    2.64   8.266   8.579
   6.394   11.59   5.824    4.12   6.432   5.183   8.789   2.253   6.348   6.068   2.832   2.911   8.071   2.133   9.369   7.572   4.751   6.402   2.652   8.247   8.642
   6.438   11.49   5.831   4.166   6.291   5.241   8.678   2.248   6.234   5.971   2.784   2.926   8.033   2.098   9.314   7.539   4.743   6.334   2.674   8.236   8.715
   6.429   11.31   5.855   4.205   6.158   5.328   8.535   2.261   6.088   5.843   2.746   2.945       8   2.095   9.236   7.536   4.717   6.263   2.704   8.234   8.784
   6.369   11.08   5.892   4.234   6.048   5.433   8.368   2.292   5.919   5.701   2.724   2.967    7.97   2.124   9.142   7.562   4.676   6.203   2.737   8.241    8.84
   6.263   10.79   5.941   4.254   5.977   5.545   8.185   2.339    5.74   5.556   2.722    2.99   7.943   2.181   9.038   7.612   4.622   6.159    2.77   8.255   8.872
    6.12   10.48   5.997   4.265   5.952   5.655   7.999   2.399   5.558   5.419   2.739   3.011   7.922   2.258   8.935    7.68   4.558   6.135   2.799   8.276   8.876
   5.955   10.16   6.053   4.269   5.975   5.752   7.824   2.466   5.387   5.299   2.766   3.027   7.904   2.341   8.839   7.754   4.488   6.131   2.819   8.301   8.848
   5.787   9.877   6.105   4.267   6.036   5.828   7.673   2.535   5.233   5.203   2.796   3.038   7.892   2.416   8.764   7.822   4.415   6.136   2.828   8.327   8.791
   5.635   9.638   6.148   4.262    6.12   5.876   7.554   2.597   5.104   5.135    2.82   3.042   7.886   2.473   8.718   7.873   4.346   6.144   2.823   8.352   8.706
   5.517   9.468   6.176   4.254   6.211    5.89   7.476   2.646   5.005   5.094   2.832   3.038   7.885   2.503   8.708   7.895   4.284   6.141   2.803   8.374   8.605
   5.449   9.379   6.187   4.245   6.288   5.869   7.447   2.676   4.937    5.08   2.828   3.026   7.891   2.504   8.742   7.884   4.235   6.123    2.77   8.387   8.492
   5.438   9.375    6.18   4.238   6.338   5.813   7.464   2.682     4.9   5.089   2.808   3.007   7.901   2.476   8.817   7.835   4.203   6.084   2.724   8.392   8.381
   5.482   9.448   6.155   4.231   6.351   5.728   7.523   2.665   4.894    5.12   2.774   2.983   7.911   2.424   8.928   7.752   4.192   6.019   2.669   8.385    8.28
   5.575   9.586   6.115   4.228   6.319   5.616   7.614   2.623   4.916   5.166    2.73   2.955   7.922   2.356   9.065   7.645   4.204   5.931   2.613   8.363   8.197
   5.701   9.769   6.064   4.226   6.244   5.487   7.725   2.562    4.96   5.225   2.686   2.923   7.929   2.283   9.213   7.525   4.242   5.821   2.559   8.325   8.138
   5.844   9.973   6.007   4.229   6.131   5.349   7.843   2.486   5.021   5.293   2.647   2.889   7.928   2.214   9.357   7.408   4.303   5.699   2.514   8.272   8.105
   5.986   10.18   5.949   4.236   5.986   5.213   7.957   2.402   5.095   5.368   2.622   2.855   7.921   2.162   9.485    7.31   4.386   5.571   2.481   8.203   8.097
   6.112   10.36   5.898   4.245   5.825   5.089   8.052   2.323   5.172   5.445   2.622   2.822   7.907   2.135   9.581   7.242   4.486   5.444   2.465   8.121   8.107
    6.21    10.5   5.858   4.257   5.662   4.982   8.124   2.255    5.25   5.523   2.651   2.792   7.883   2.137   9.638   7.213   4.598   5.327   2.468   8.031   8.132
   6.271    10.6   5.833   4.271   5.511   4.902   8.165   2.207   5.322   5.598   2.716   2.764   7.853   2.167   9.649   7.223   4.716   5.231   2.486   7.934   8.161
    6.29   10.64   5.827   4.284    5.39   4.848   8.173   2.181   5.384   5.668   2.814   2.739   7.817   2.223   9.617   7.268    4.83   5.161   2.522   7.838   8.191
   6.264   10.62    5.84   4.296   5.314    4.82    8.15    2.18   5.432    5.73   2.939   2.719   7.779   2.298   9.543   7.336   4.935   5.127   2.567   7.746   8.213
   6.195   10.55   5.869   4.302   5.289    4.82     8.1     2.2   5.465   5.779   3.079   2.703   7.742   2.384   9.438   7.416   5.023   5.124    2.62   7.665   8.229
   6.088   10.45   5.911     4.3   5.319   4.839   8.031   2.237   5.481   5.814   3.222   2.689   7.706   2.473   9.317   7.496   5.087   5.153   2.672   7.598   8.232
   5.951   10.31   5.963   4.289   5.398   4.875    7.95   2.283   5.483   5.831   3.352   2.678   7.677   2.554   9.197   7.563   5.125   5.207   2.721   7.551   8.226
   5.795   10.18   6.018   4.267   5.515   4.921   7.868   2.333   5.471   5.828    3.46    2.67   7.659   2.618   9.091   7.612   5.131   5.274    2.76   7.526   8.217
   5.633   10.06   6.072   4.233   5.656   4.974   7.796   2.383   5.449   5.804   3.534   2.662   7.653   2.656   9.019   7.634   5.108   5.344   2.786   7.526   8.206
   5.478   9.991    6.12   4.189   5.802   5.027   7.744   2.425   5.421   5.763   3.567   2.655   7.663   2.663   8.993    7.63   5.056   5.406   2.796   7.551   8.201
   5.342   9.966    6.16   4.136   5.939   5.075   7.719   2.458   5.392   5.703   3.557   2.648   7.688   2.633   9.019   7.601   4.978   5.454   2.789   7.601   8.208
   5.236   9.992    6.19   4.077   6.052   5.116   7.725   2.478   5.366   5.633   3.502    2.64   7.729   2.568   9.097   7.551   4.883   5.482   2.766   7.673   8.229
   5.165   10.07   6.211   4.014   6.135   5.149   7.761   2.485   5.349   5.558   3.411   2.631    7.78    2.47   9.223   7.487   4.777   5.489   2.731   7.762   8.265
    5.13   10.19   6.222   3.951   6.184   5.167   7.823   2.477   5.342   5.482   3.291   2.618   7.837   2.352   9.387    7.42   4.672    5.48   2.688   7.865   8.315
   5.125   10.32   6.228   3.889   6.199   5.175   7.901   2.462   5.348   5.418   3.157   2.603   7.892   2.227   9.568    7.36   4.579   5.457   2.647   7.971   8.374
   5.143   10.45   6.229    3.83   6.188   5.171   7.985   2.439   5.368   5.368   3.026   2.583   7.939   2.116   9.747    7.32   4.509   5.429   2.611   8.078   8.435
   5.171   10.54   6.229    3.78    6.16   5.156   8.065   2.418   5.403   5.341   2.915   2.558    7.97   2.042    9.91   7.312   4.471   5.406   2.588   8.175   8.487
   5.201    10.6   6.231   3.738   6.128   5.135   8.128   2.406   5.448   5.338   2.842   2.528   7.979   2.022   10.04   7.343   4.472   5.399   2.584   8.261    8.52
   5.221    10.6   6.234   3.709   6.109   5.111   8.166   2.405   5.505   5.361    2.82   2.491   7.964    2.06   10.11   7.417   4.513   5.409     2.6   8.328    8.53
   5.226   10.54    6.24   3.696   6.114   5.086   8.175   2.419   5.567   5.407   2.853   2.449   7.924   2.151   10.12   7.529    4.59   5.451   2.636   8.372   8.504
   5.213   10.43   6.247   3.701   6.157   5.064    8.15   2.448   5.633   5.473   2.933   2.405   7.859   2.275   10.07   7.674   4.695   5.519    2.69   8.396   8.444
   5.182   10.26   6.252   3.726   6.238   5.043   8.095   2.486   5.698   5.549   3.044   2.359    7.77   2.415   9.939   7.837   4.815   5.619   2.752   8.393   8.346
   5.134   10.04   6.252   3.771   6.358   5.023   8.013   2.528    5.76    5.63   3.171   2.316   7.662   2.552   9.753   8.004   4.936   5.741   2.816   8.368   8.215
   5.076     9.8   6.245   3.834   6.508   5.005    7.91   2.569   5.814   5.707   3.302   2.278   7.542   2.674   9.514   8.159   5.046   5.878   2.875   8.323   8.057
   5.016   9.546   6.225   3.912   6.673   4.984   7.795   2.601    5.86   5.773   3.423   2.249   7.415   2.771   9.244   8.288    5.13   6.017   2.924   8.263   7.882
   4.959     9.3   6.192   3.996   6.841   4.958   7.678   2.624   5.895   5.824   3.528   2.231   7.289   2.838   8.963   8.383   5.182   6.145   2.958   8.191   7.704
   4.914    9.08   6.144   4.081   6.995   4.926   7.568   2.632   5.917   5.857   3.606   2.225   7.172   2.872     8.7   8.437   5.194   6.252   2.976   8.116   7.536
   4.884   8.905    6.08   4.159   7.119   4.888   7.477   2.626   5.925   5.873   3.655   2.233   7.068   2.874   8.478   8.448   5.165   6.325   2.976    8.04   7.393
   4.871    8.79   6.005    4.22   7.207   4.842   7.407   2.604   5.922   5.874   3.671   2.255   6.988   2.844   8.318    8.42   5.097   6.355   2.957   7.971   7.286
   4.872   8.742   5.923    4.26   7.253   4.791   7.364   2.569   5.904   5.865   3.655   2.288   6.935   2.785   8.231   8.362   4.996   6.344   2.923   7.912   7.226
   4.883   8.762    5.84   4.273   7.253   4.737   7.347   2.525   5.873   5.852    3.61   2.332   6.912     2.7   8.221   8.286    4.87   6.287   2.876   7.863   7.216
   4.896   8.845   5.763   4.258   7.215   4.686   7.355   2.475   5.829   5.843   3.541   2.381   6.921   2.599   8.278   8.207    4.73   6.192   2.816   7.826   7.256
   4.905   8.974   5.699   4.215   7.141   4.641   7.379   2.423   5.773    5.84    3.46   2.433   6.958   2.489   8.386   8.136    4.59   6.065   2.751   7.797   7.339
   4.903   9.135   5.654   4.148   7.044   4.606   7.412   2.378   5.708   5.851   3.378   2.481   7.021   2.384   8.522   8.087   4.461   5.919   2.682   7.774   7.454
   4.883    9.31   5.632    4.06   6.936   4.585   7.446   2.343   5.636   5.874   3.309   2.523   7.104   2.298   8.665   8.071   4.355   5.767   2.614   7.753    7.59
   4.844   9.479   5.631   3.959   6.829   4.583   7.471   2.324   5.561   5.908   3.263   2.556     7.2   2.243   8.793   8.088    4.28    5.62    2.55   7.731   7.731
   4.784    9.63   5.649   3.851   6.737   4.598   7.483   2.321   5.487   5.948    3.25   2.575   7.303   2.229   8.889   8.138   4.241    5.49   2.493   7.707   7.865
   4.707   9.754   5.681   3.746    6.67   4.633   7.478   2.333   5.417   5.988    3.27    2.58   7.405   2.254   8.944   8.212   4.237   5.388   2.444   7.678   7.981
   4.618   9.842   5.718   3.653   6.638   4.686   7.452   2.356   5.356   6.022   3.316   2.572   7.502   2.309   8.952     8.3   4.265   5.316   2.402   7.644   8.071
   4.523   9.897   5.752    3.58   6.641   4.756   7.409   2.385   5.308   6.042   3.377   2.553   7.585    2.38   8.914   8.389    4.32   5.283   2.367   7.604   8.131
   4.432   9.922   5.778   3.534   6.682   4.837   7.354   2.413   5.278   6.042   3.437   2.526    7.65   2.449   8.835   8.464    4.39   5.282   2.336   7.559    8.16
   4.355   9.922   5.788   3.522   6.752   4.923   7.292   2.434   5.266   6.019   3.486   2.498   7.693   2.502   8.724   8.516   4.469   5.314   2.309   7.513   8.163
   4.302   9.907   5.781   3.547   6.841    5.01   7.233   2.446   5.275    5.97   3.512   2.475   7.713   2.525   8.599   8.535   4.545   5.372   2.285   7.468   8.142
    4.28   9.888   5.756   3.607   6.936   5.093   7.186   2.443   5.305   5.896   3.509   2.462   7.708   2.513   8.473   8.518    4.61    5.45   2.261   7.426   8.104
   4.294   9.872   5.714     3.7   7.026   5.167   7.159   2.425   5.355   5.799   3.471   2.466   7.679    2.46   8.364   8.465   4.661   5.541   2.239   7.393   8.059
   4.346   9.864   5.662   3.818     7.1   5.228   7.159   2.393   5.422   5.684   3.399   2.484   7.627   2.368   8.284   8.383    4.69   5.639   2.221   7.373   8.016
   4.431   9.871   5.604   3.953    7.15   5.275   7.191   2.351   5.501    5.56   3.296   2.522   7.556   2.243   8.248   8.279   4.696   5.736    2.21   7.367    7.98
   4.542   9.893   5.549   4.095   7.172   5.305   7.255   2.302   5.585   5.437   3.166   2.576   7.471   2.092    8.26   8.166    4.68   5.828   2.207    7.38   7.958
   4.672   9.929   5.505   4.234   7.167   5.318   7.346   2.252   5.669   5.324   3.018   2.644   7.374   1.926   8.322   8.059   4.643    5.91   2.217   7.411   7.952
   4.809   9.972   5.481   4.361   7.139   5.319   7.461    2.21   5.743   5.237   2.865   2.719   7.273    1.76   8.428   7.969    4.59    5.98    2.24   7.462    7.96
   4.943   10.03   5.484   4.469   7.091   5.306   7.587   2.183   5.798   5.186    2.72   2.799   7.174   1.609   8.568   7.911   4.531   6.034   2.278   7.529   7.982
   5.065   10.07   5.518   4.552   7.031   5.285   7.716   2.174   5.831    5.18   2.602   2.875   7.082   1.491   8.728   7.889   4.471   6.069   2.332   7.609   8.012
   5.166   10.11   5.583   4.607   6.965   5.258   7.837   2.188   5.834   5.222   2.532   2.944   7.002   1.422   8.895   7.904   4.421   6.081   2.398   7.698   8.045
   5.241   10.14   5.676   4.633   6.896   5.227   7.941   2.222   5.806   5.313   2.523   2.998   6.941    1.41   9.052   7.953   4.387    6.07   2.475   7.791   8.073
