   9.589   4.482   6.106   3.796   5.664   6.377   5.119   5.719   2.259   8.262   2.822   3.061   1.384   11.37   4.137   9.211   8.513   2.941
    9.57   4.685     6.1   3.849   5.786    6.28   5.208   5.659    2.31   8.232   2.748    3.04    1.46   11.34   4.206   9.213   8.463   2.931
   9.552    4.93   6.077   3.906    5.89   6.173   5.312   5.593   2.365   8.215   2.634   2.999   1.525   11.34   4.284    9.19   8.422   2.917
   9.534   5.197   6.039   3.964   5.968   6.071   5.425   5.526   2.421   8.217   2.492   2.945   1.576   11.37   4.364   9.137   8.404   2.902
   9.514   5.466    5.99   4.023    6.01    5.99   5.538   5.464   2.477   8.247   2.332   2.885   1.614   11.42   4.441   9.057   8.419   2.892
   9.492   5.717   5.936    4.08    6.01   5.939   5.643   5.411   2.531   8.302   2.172   2.828   1.639   11.48   4.507   8.948   8.474   2.887
   9.468   5.935    5.88   4.135   5.967   5.929   5.736   5.368   2.582   8.374   2.028   2.782   1.652   11.54    4.56   8.816   8.568   2.889
   9.442   6.106   5.827   4.188   5.882   5.963   5.805   5.334    2.63   8.457   1.913   2.752   1.657    11.6   4.598    8.67   8.691   2.894
   9.416   6.219   5.784   4.238   5.763   6.031   5.846   5.306   2.673   8.532   1.837   2.742   1.657   11.62    4.62   8.517   8.833   2.899
   9.393    6.27   5.754   4.284    5.62   6.122   5.856   5.281   2.714   8.586   1.798   2.749   1.652   11.62   4.629   8.371   8.976   2.897
   9.376   6.259   5.744   4.324   5.468   6.217   5.831   5.256   2.751   8.601   1.791    2.77   1.646   11.58   4.623   8.246   9.099   2.882
   9.372    6.19   5.757   4.356   5.324     6.3   5.772    5.23   2.787    8.57   1.805   2.799   1.637   11.53   4.611   8.161   9.182   2.849
    9.39   6.071   5.794   4.377   5.204   6.354   5.676     5.2   2.822   8.481   1.833   2.829   1.624   11.44   4.594   8.131   9.207   2.795
   9.439   5.915   5.857   4.386   5.122    6.37   5.551    5.17   2.856   8.334   1.865   2.853   1.609   11.35   4.579    8.17   9.158   2.718
   9.528   5.739   5.944   4.375   5.088   6.345   5.401   5.142   2.892   8.133   1.898   2.869   1.589   11.26    4.57   8.287   9.036   2.618
   9.664   5.561    6.05   4.346   5.102   6.278   5.232    5.12   2.928   7.885    1.93   2.873   1.565   11.19   4.571   8.478   8.838     2.5
   9.844   5.397   6.168   4.294   5.161   6.177   5.054    5.11   2.963     7.6   1.957   2.864   1.537   11.15   4.585   8.733   8.575   2.369
   10.06   5.263   6.292   4.218   5.252   6.052   4.878   5.116   2.997   7.292   1.978   2.843   1.507   11.14   4.612   9.031    8.27   2.232
    10.3   5.171   6.418   4.121   5.362   5.918   4.713   5.142   3.026   6.975   1.993    2.81   1.477   11.18   4.651   9.347   7.943   2.101
   10.55   5.124   6.539   4.006   5.478   5.792    4.57   5.188   3.049   6.669       2   2.767    1.45   11.28   4.697   9.651   7.628   1.984
   10.78   5.119   6.652   3.878   5.587   5.689   4.458   5.254   3.062    6.39       2   2.718   1.431    11.4   4.745   9.921   7.348   1.895
   10.97   5.149   6.756   3.742   5.681   5.627   4.385   5.334   3.065    6.16   1.996   2.668    1.42   11.53   4.791   10.14   7.126   1.843
    11.1   5.201   6.849   3.606   5.753   5.616   4.356   5.422   3.056   5.997   1.992   2.623   1.421   11.67   4.827   10.27   6.974   1.836
   11.16   5.265   6.932   3.478   5.801   5.665    4.37   5.507   3.034   5.919   1.993    2.59   1.438   11.77   4.851   10.34   6.896   1.873
   11.15   5.327   7.006   3.363   5.824   5.772   4.424   5.581   2.999   5.936   2.006   2.578    1.47   11.84   4.857   10.31   6.887   1.951
   11.04    5.38    7.07   3.269   5.825   5.929   4.509   5.631   2.952   6.045   2.035    2.59   1.519   11.84   4.846   10.21   6.938   2.058
   10.87   5.415   7.127   3.199   5.808   6.118   4.616   5.651   2.893    6.23   2.081   2.632   1.581   11.78   4.816   10.05   7.036   2.179
   10.63   5.431   7.175   3.157   5.779    6.32   4.733   5.633   2.826   6.468   2.141   2.701   1.651   11.64    4.77   9.839   7.171   2.305
   10.36   5.424   7.215   3.144   5.742   6.517    4.85   5.574   2.754   6.733   2.209   2.791   1.722   11.45   4.711   9.594   7.327   2.422
   10.06   5.398   7.247   3.161   5.707   6.688   4.954   5.476   2.679   6.997   2.276   2.893   1.787   11.21   4.643   9.339   7.492   2.521
   9.761   5.355   7.269   3.202   5.678   6.822   5.036   5.343   2.606   7.236   2.334   2.994   1.839   10.93    4.57   9.095   7.649   2.593
   9.488     5.3   7.281   3.265   5.661   6.909   5.092   5.184   2.539   7.432   2.374   3.084   1.872   10.66   4.496   8.881   7.784   2.633
   9.256   5.241   7.283   3.342   5.657   6.945   5.115   5.014   2.485   7.571   2.391   3.154    1.88   10.39   4.426    8.71   7.881   2.639
   9.083   5.186   7.274   3.428   5.668   6.934   5.106   4.847   2.449   7.651   2.382   3.198   1.863   10.17   4.362   8.593   7.928   2.612
   8.976   5.141   7.257   3.515   5.691   6.886   5.067   4.701   2.436   7.669   2.347   3.211   1.821   9.992   4.309   8.535   7.923   2.556
    8.94   5.114   7.232   3.596   5.719   6.815   5.002   4.593   2.449   7.638   2.289   3.194   1.758   9.877   4.268   8.528   7.868    2.48
    8.97   5.111   7.204   3.666   5.749    6.74   4.918    4.54   2.489   7.566   2.216    3.15    1.68   9.827   4.239   8.565   7.773   2.392
    9.06   5.133   7.176    3.72   5.771    6.68   4.821   4.549   2.552    7.47   2.135   3.085   1.596   9.828   4.224   8.634   7.657   2.303
   9.193   5.183   7.151   3.756   5.781   6.652   4.722   4.626   2.635   7.367   2.053   3.006   1.517   9.872   4.218   8.715   7.544   2.227
   9.353   5.256   7.133   3.776   5.773   6.668    4.63   4.765   2.731   7.272   1.981   2.921   1.452   9.934   4.222   8.795   7.456   2.172
   9.525   5.351    7.12   3.778   5.747   6.733   4.551   4.955   2.831   7.198   1.923    2.84   1.406      10   4.231   8.858    7.41   2.148
   9.692    5.46   7.112   3.771   5.703   6.846   4.493   5.179    2.93   7.151   1.884    2.77   1.381   10.05   4.242   8.895   7.415   2.156
   9.836   5.577   7.108   3.757   5.644   6.994   4.459   5.419    3.02   7.139   1.862   2.714   1.375   10.07   4.252   8.901   7.465   2.193
    9.95   5.695   7.101   3.744   5.575   7.166   4.449   5.657   3.095    7.16   1.856   2.675   1.382   10.04   4.257   8.877   7.548   2.251
   10.03   5.809   7.088   3.735   5.501   7.344   4.466   5.875   3.151   7.209   1.862   2.654   1.396   9.969   4.256   8.825   7.645   2.321
   10.06   5.912   7.064   3.736    5.43    7.51   4.503   6.057   3.183   7.281   1.875   2.649   1.412   9.859   4.248   8.754   7.737   2.395
   10.06   5.998   7.026   3.746   5.368   7.647   4.559   6.194    3.19   7.363    1.89   2.659   1.428   9.725   4.233   8.678    7.81   2.461
   10.04   6.064   6.971    3.77   5.319   7.743   4.627   6.277   3.172    7.45   1.903   2.678   1.443   9.575   4.213   8.606   7.853   2.512
   9.993   6.107   6.899   3.799   5.287   7.785   4.705   6.303   3.131   7.532   1.911   2.704   1.455   9.439   4.191   8.553   7.863   2.542
   9.941   6.127   6.812   3.834   5.274   7.769   4.787   6.275    3.07   7.599   1.912   2.735   1.467   9.328    4.17   8.528   7.843   2.547
   9.891   6.123   6.713   3.869   5.279   7.693   4.873   6.196   2.994   7.647   1.903   2.768   1.478   9.263   4.155    8.54     7.8   2.526
   9.857   6.097   6.607   3.902   5.299    7.56   4.958   6.077   2.911    7.67   1.886   2.802   1.489    9.26   4.147   8.592   7.744   2.476
   9.842   6.053   6.502   3.929   5.329   7.383   5.041   5.928   2.828   7.673    1.86   2.834   1.501   9.317   4.152   8.679   7.684   2.406
   9.847   5.993   6.405   3.948   5.365   7.178   5.123   5.764   2.753   7.657    1.83   2.866   1.515   9.431   4.172   8.799   7.631   2.319
   9.871   5.921   6.324   3.957   5.401    6.96   5.199   5.595   2.691   7.632   1.801   2.897   1.532   9.591   4.205   8.943   7.593   2.227
    9.91   5.842   6.266   3.957   5.433   6.754   5.271   5.432   2.645   7.606   1.777   2.924   1.555   9.782   4.253   9.099   7.576   2.142
   9.955    5.76   6.237   3.949   5.456   6.578   5.335   5.284   2.618   7.585   1.764   2.951   1.584   9.988   4.311   9.256   7.581   2.078
   9.998   5.679   6.238   3.933   5.469   6.442    5.39   5.156   2.605   7.574   1.768   2.975   1.618   10.18   4.375   9.406   7.608   2.044
   10.03   5.602   6.269   3.914    5.47   6.352   5.432   5.051   2.601   7.573    1.79   2.999   1.656   10.35    4.44   9.536   7.648   2.045
   10.04   5.532   6.324   3.896   5.462     6.3    5.46   4.967   2.601   7.575    1.83   3.019   1.691   10.49     4.5   9.639   7.694   2.079
   10.02   5.472   6.395   3.882   5.448   6.273   5.472   4.901     2.6   7.569   1.884   3.037    1.72   10.58   4.549   9.709   7.732   2.138
   9.975   5.422   6.474   3.876   5.432   6.252   5.462   4.851   2.593   7.541   1.948    3.05   1.737   10.63   4.581   9.747    7.75   2.209
    9.89   5.385   6.548   3.884   5.419   6.222   5.435   4.812   2.577   7.482   2.015   3.057   1.738   10.64   4.592   9.746   7.736   2.284
    9.78    5.36    6.61   3.907   5.414   6.166   5.386   4.781   2.552   7.381   2.083   3.058    1.72   10.61   4.581   9.715   7.683   2.352
   9.644   5.347   6.652   3.946   5.421   6.077   5.319   4.756    2.52   7.239   2.145   3.051   1.684   10.57   4.546   9.659    7.59   2.408
   9.495   5.345   6.668   3.999   5.439   5.955   5.238   4.739   2.482   7.057     2.2   3.035   1.628   10.53   4.491   9.584    7.46   2.449
   9.344   5.353   6.656   4.061   5.468   5.803   5.145    4.73   2.443   6.844   2.244   3.013   1.558   10.51   4.418   9.501   7.302   2.475
   9.202    5.37   6.618   4.125   5.507   5.631   5.048   4.732   2.405   6.618   2.276   2.988   1.478   10.52   4.334   9.417   7.131   2.484
   9.079   5.394   6.559   4.185   5.551   5.456   4.953    4.75   2.374   6.394   2.297   2.959   1.393   10.58   4.246   9.341   6.962   2.481
   8.988   5.423   6.485   4.235   5.596   5.292   4.868   4.788   2.353   6.193   2.308   2.931   1.309   10.68   4.163   9.278   6.813   2.468
   8.934   5.456   6.409   4.267   5.636   5.159   4.798   4.849   2.345   6.038   2.312   2.906   1.231    10.8   4.093   9.231   6.701   2.449
   8.922   5.492   6.339    4.28   5.667   5.078   4.747   4.933   2.353   5.943    2.31   2.886   1.165   10.93   4.044     9.2   6.637    2.43
   8.951   5.532   6.288    4.27   5.686   5.066   4.719   5.038   2.377   5.923   2.306   2.872   1.118   11.05    4.02   9.182   6.627   2.416
   9.019   5.575   6.263   4.238   5.693   5.135   4.714   5.156   2.417   5.985   2.303   2.864   1.094   11.14   4.023   9.177   6.673   2.413
   9.117    5.62    6.27   4.188   5.686   5.286   4.732   5.279   2.473   6.127   2.301   2.862   1.097   11.16   4.053   9.179   6.776   2.424
   9.238   5.668   6.309   4.123   5.668   5.514   4.767   5.399   2.538    6.34   2.302   2.864   1.129   11.13   4.106   9.181   6.927   2.452
   9.372   5.718   6.374    4.05   5.641   5.797   4.816   5.502    2.61   6.608   2.306   2.867   1.187   11.02   4.174   9.184   7.117   2.495
   9.508   5.767   6.457   3.974   5.609   6.115   4.875   5.583   2.681   6.911   2.311    2.87   1.263   10.86   4.252   9.182   7.333   2.549
   9.635   5.815   6.547   3.902   5.576   6.435   4.937   5.632   2.748   7.227   2.318   2.871   1.346   10.65    4.33   9.175   7.559   2.606
   9.745   5.858   6.631    3.84   5.546   6.732   4.997   5.647   2.805   7.528   2.322   2.869   1.427   10.39   4.403   9.163   7.779   2.658
   9.828   5.892   6.697   3.794   5.523   6.981    5.05   5.626   2.849   7.793   2.325   2.865   1.497   10.12   4.463   9.147   7.976   2.697
   9.878   5.914   6.736   3.766   5.506   7.162   5.091   5.572   2.879       8   2.326   2.859    1.55   9.844   4.507   9.126   8.136   2.718
   9.891   5.921   6.741   3.759   5.497   7.259   5.119   5.489   2.893   8.134   2.326   2.855   1.584    9.59   4.532   9.102   8.248   2.717
   9.869    5.91   6.706   3.774   5.491   7.267   5.132   5.386   2.893   8.187   2.326   2.858   1.595   9.387   4.537   9.074   8.309   2.691
   9.808   5.878   6.632   3.812   5.488   7.186   5.131   5.272    2.88   8.153    2.33   2.874   1.586   9.243   4.525   9.042   8.325   2.644
   9.714   5.824   6.522   3.866   5.482   7.023   5.121   5.157   2.857   8.041    2.34   2.909    1.56   9.182   4.499   9.009   8.303   2.578
   9.593   5.748   6.381   3.934   5.469   6.796   5.108   5.052   2.827   7.864   2.358   2.966   1.524   9.204   4.464    8.97   8.262   2.501
    9.45   5.652    6.22   4.011   5.447   6.525   5.102   4.969   2.794   7.643   2.386    3.05   1.486   9.302   4.426   8.928   8.222   2.418
   9.298   5.539    6.05   4.091   5.414   6.236   5.107   4.916   2.761   7.402   2.424   3.159   1.454   9.468   4.392   8.883     8.2   2.338
   9.145   5.415   5.885   4.168    5.37    5.96   5.128   4.899   2.731   7.173   2.474   3.289   1.438   9.688   4.373   8.834   8.212   2.271
       9   5.287   5.738   4.238   5.317   5.729   5.169   4.919   2.706   6.982   2.531   3.435   1.442   9.939   4.371   8.785   8.263   2.221
    8.87   5.164   5.622   4.298   5.258   5.564   5.222   4.972   2.688    6.85   2.592   3.585   1.472   10.19   4.394   8.735   8.351   2.195
   8.761   5.056   5.546   4.346   5.199    5.48   5.283    5.05    2.68   6.791   2.654   3.728   1.524   10.42    4.44    8.69   8.465   2.198
   8.677   4.972   5.517   4.382   5.146   5.479   5.341   5.142   2.679   6.802    2.71   3.853   1.593   10.61   4.511   8.652   8.589   2.232
   8.619    4.92   5.537   4.404   5.107   5.547   5.386   5.235   2.688   6.869   2.755   3.949   1.672   10.75   4.599   8.624   8.706   2.296
   8.585   4.906   5.603   4.418   5.088   5.662    5.41   5.317   2.703   6.973   2.784   4.008   1.753   10.82   4.701   8.612     8.8   2.385
   8.574    4.93   5.709   4.424   5.095   5.799   5.404   5.378   2.723   7.091   2.792   4.022   1.831   10.85   4.808   8.616   8.859   2.494
   8.585   4.987   5.847   4.423   5.135   5.936   5.364   5.412   2.748   7.204   2.778   3.987   1.897   10.82   4.914   8.642   8.881   2.616
   8.612    5.07   6.003   4.417    5.21   6.054   5.292   5.414   2.773   7.295   2.743   3.904   1.949   10.77   5.009   8.686   8.857   2.742
   8.655   5.167   6.167   4.407    5.32    6.14   5.188   5.386   2.799   7.358    2.69   3.776   1.983    10.7   5.091    8.75     8.8   2.862
   8.707   5.267   6.328   4.392   5.459   6.187   5.058   5.332   2.823   7.382   2.624    3.61   1.996   10.62   5.154   8.829   8.713   2.971
   8.767   5.359   6.475   4.371    5.62   6.196   4.912   5.259   2.846   7.374   2.554   3.417   1.989   10.56   5.196    8.92    8.61   3.062
   8.829   5.435   6.601   4.345   5.796    6.17   4.759   5.178   2.866   7.333   2.489   3.214   1.963   10.54   5.215   9.016   8.501   3.128
   8.889   5.489     6.7   4.313   5.974    6.12    4.61   5.099   2.885   7.272   2.437   3.016   1.922   10.54   5.214   9.111   8.402   3.172
   8.944    5.52   6.769   4.274   6.141   6.057   4.479   5.032   2.902   7.197   2.405   2.845   1.869   10.58   5.196   9.201   8.322   3.188
   8.996   5.529   6.808   4.229   6.286   5.996   4.378    4.99   2.918   7.125   2.396   2.714   1.809   10.66   5.164    9.28   8.272   3.179
   9.047    5.52   6.818   4.179   6.402   5.953   4.315   4.981   2.931   7.063   2.408   2.635   1.746   10.75   5.124   9.344   8.254   3.147
   9.105     5.5   6.802   4.126   6.479   5.942   4.299   5.012   2.942   7.024   2.436   2.608   1.683   10.84   5.078   9.394   8.268   3.096
   9.177   5.478   6.765   4.071   6.512   5.972   4.333   5.086   2.947   7.012   2.473   2.625   1.624   10.94   5.034   9.426   8.308    3.03
   9.275   5.463   6.711   4.019   6.501   6.045   4.414   5.202   2.947   7.027    2.51   2.673   1.568   11.02   4.993   9.448   8.364   2.952
   9.404   5.465   6.644   3.972   6.448   6.158   4.538   5.354    2.94   7.062   2.541   2.737   1.515   11.07   4.955   9.457   8.421   2.868
   9.569   5.494   6.569   3.934   6.357   6.299   4.693   5.532   2.927   7.108   2.561   2.807   1.463    11.1    4.92   9.462   8.468   2.783
   9.768   5.556   6.488    3.91   6.238   6.453   4.867   5.723   2.907   7.153   2.565   2.872   1.412   11.09   4.888   9.467   8.495     2.7
   9.992   5.653   6.407   3.903   6.102   6.604   5.047   5.917   2.882   7.184   2.553   2.928    1.36   11.06   4.855   9.471   8.492   2.622
   10.23   5.783   6.327   3.913   5.961   6.737    5.22   6.097   2.855    7.19   2.524   2.967   1.306   11.01   4.822   9.477    8.46   2.555
   10.46    5.94   6.251   3.942   5.826   6.838   5.374   6.252   2.826   7.167   2.479   2.989   1.253   10.93   4.786   9.486   8.398     2.5
   10.67   6.112   6.183   3.986    5.71   6.899   5.499   6.371     2.8   7.107    2.42   2.992   1.202   10.84   4.746   9.495   8.315   2.459
   10.84   6.285   6.123   4.043   5.623   6.916    5.59   6.447   2.778   7.015   2.351   2.973   1.156   10.74   4.705   9.501   8.216   2.435
   10.95   6.442   6.076   4.107   5.571   6.889   5.641   6.476   2.763   6.893   2.277   2.937   1.119   10.65   4.663   9.496   8.118   2.427
      11   6.571   6.043   4.172   5.558   6.827    5.65   6.456   2.755   6.749   2.207   2.886   1.093   10.56   4.623   9.484    8.03   2.434
   10.99   6.658   6.027   4.234   5.583   6.738   5.623   6.391   2.756   6.595   2.149   2.825   1.082   10.48   4.588   9.455   7.964   2.453
    10.9   6.694   6.028   4.288   5.641   6.636   5.562   6.287   2.765   6.445   2.115   2.766   1.086   10.41   4.563    9.41   7.928   2.484
   10.74   6.675   6.048   4.333   5.724   6.537   5.475   6.151   2.782   6.315    2.11   2.715   1.107   10.34   4.549   9.348   7.928    2.52
   10.53   6.602   6.084   4.365   5.823   6.453    5.37   5.993   2.806    6.22   2.137   2.683   1.144   10.27    4.55   9.272   7.962   2.558
   10.28   6.481   6.133   4.385   5.927   6.394   5.257   5.824   2.832   6.172   2.193   2.673   1.195   10.21   4.567   9.187   8.024   2.595
   10.02   6.322   6.192   4.393   6.027   6.364   5.144   5.653   2.858   6.179   2.269   2.684   1.256   10.13   4.599   9.099   8.106   2.625
   9.749   6.143   6.253   4.393   6.113   6.362   5.039   5.489   2.882   6.241   2.351   2.708    1.32   10.05   4.644   9.014   8.195   2.644
   9.504   5.961   6.311   4.385   6.178   6.381   4.947    5.34   2.901   6.348   2.427   2.735   1.383   9.956   4.695   8.944   8.275    2.65
   9.302   5.799   6.358   4.373   6.214   6.408   4.874   5.213   2.911   6.487   2.484   2.757   1.437   9.865   4.748   8.896   8.333    2.64
   9.158   5.675   6.389   4.358   6.219    6.43   4.821   5.113   2.912   6.634   2.515   2.765   1.478   9.779   4.792   8.879   8.357   2.614
   9.084   5.606   6.401   4.345    6.19   6.437   4.791   5.041   2.904   6.771   2.516   2.756   1.501   9.716   4.823   8.895   8.342   2.574
   9.081   5.598   6.391   4.334   6.129    6.42   4.783       5   2.885   6.879   2.487   2.729   1.505   9.667   4.832   8.942   8.284   2.523
   9.145   5.651    6.36   4.327   6.038   6.374   4.798   4.988   2.858   6.944   2.435   2.686   1.488   9.655   4.814   9.019   8.188   2.463
   9.262   5.755   6.311   4.325   5.927   6.298   4.833   5.003   2.823   6.958   2.366   2.634   1.453   9.678   4.766   9.117   8.066   2.401
   9.417   5.894   6.248   4.328   5.799   6.195   4.885   5.041   2.784   6.919   2.291   2.579   1.405   9.737   4.688   9.224   7.932   2.341
   9.591   6.049   6.178   4.336   5.667   6.071   4.954   5.097   2.741   6.831   2.222   2.532   1.349   9.828   4.581   9.327   7.805   2.291
   9.763   6.204   6.106   4.349   5.539   5.933   5.034   5.165   2.698   6.703   2.169   2.501   1.295   9.941   4.452   9.414   7.704   2.251
   9.916    6.34    6.04   4.365   5.422   5.793   5.123   5.242   2.656   6.549    2.14   2.497   1.252   10.07   4.309   9.474    7.64   2.228
   10.04   6.446   5.988   4.382   5.324   5.661   5.214   5.317   2.618   6.387    2.14   2.528   1.228    10.2   4.161   9.499   7.623   2.221
   10.11   6.511   5.953   4.399   5.249    5.55   5.305   5.389   2.586   6.233    2.17   2.597   1.229   10.32    4.02   9.485    7.65   2.231
   10.14   6.531    5.94   4.413   5.201   5.469   5.391   5.451   2.561   6.109   2.225   2.703   1.258   10.43   3.895   9.433   7.714   2.258
   10.12   6.502   5.949   4.423    5.18   5.426   5.465   5.499   2.543   6.028     2.3    2.84   1.309   10.51   3.795   9.347   7.801   2.296
   10.05   6.428   5.979   4.425   5.182   5.425   5.527   5.532   2.532       6   2.388   2.994   1.377   10.57   3.728   9.235   7.895   2.343
   9.954   6.313   6.026   4.418   5.203   5.463   5.568   5.547   2.526    6.03   2.478   3.152   1.452    10.6   3.697    9.11   7.983   2.392
    9.84   6.168   6.085   4.401   5.239   5.534   5.587   5.546   2.526   6.116   2.562   3.298   1.524   10.61     3.7   8.988    8.05    2.44
   9.723   6.002   6.149   4.372   5.285   5.628   5.583   5.531   2.529   6.244   2.629   3.419   1.588   10.61   3.737   8.883   8.091    2.48
   9.625    5.83   6.212   4.331   5.337   5.732   5.553   5.505   2.534   6.402   2.671   3.502   1.635    10.6   3.805   8.808   8.099   2.511
   9.562   5.668   6.269   4.281   5.389   5.834   5.501   5.472   2.539   6.571   2.681   3.543   1.663    10.6   3.896   8.778   8.076   2.529
   9.544   5.527   6.318   4.223   5.438   5.925    5.43   5.437   2.541   6.734   2.653   3.533   1.667   10.63   4.007   8.799   8.024   2.534
   9.575    5.42   6.355   4.159    5.48   5.996   5.347   5.406   2.541   6.877    2.59   3.476   1.648   10.68    4.13   8.868   7.951   2.527
    9.65   5.352    6.38   4.091   5.513   6.045   5.257   5.383   2.536   6.989   2.494   3.375   1.607   10.77   4.256   8.987   7.867   2.512
   9.757   5.322   6.396   4.023   5.536   6.072    5.17   5.372   2.526   7.064   2.376   3.243   1.549    10.9    4.38    9.14   7.784   2.494
   9.876   5.326   6.403   3.958   5.546   6.081   5.093   5.374    2.51     7.1   2.251   3.092   1.481   11.06   4.495   9.316   7.715   2.479
   9.993   5.354   6.406   3.898   5.545   6.078   5.037   5.393   2.486   7.105    2.14   2.941   1.412   11.23   4.595   9.495   7.677   2.471
   10.08   5.392   6.408   3.845   5.533   6.073   5.005   5.427   2.455   7.087   2.064   2.811    1.35    11.4   4.677    9.66   7.682   2.475
   10.14    5.43   6.411   3.803   5.515   6.074   5.004   5.474   2.416   7.062   2.041   2.719   1.308   11.55    4.74   9.795   7.737   2.493
   10.15   5.457   6.418   3.772   5.491    6.09   5.033   5.534   2.372   7.045   2.077    2.68   1.291   11.65   4.782   9.883   7.845   2.524
    10.1   5.466   6.429   3.757   5.463   6.129    5.09   5.601   2.323   7.051   2.166   2.702     1.3    11.7   4.807   9.915   7.999   2.565
      10   5.452   6.443   3.759   5.435   6.195   5.168   5.672   2.273   7.092   2.289   2.775   1.332   11.68   4.816   9.887   8.188   2.612
   9.852   5.416   6.458   3.781   5.407   6.287    5.26   5.743   2.223   7.171   2.428   2.883   1.379   11.59   4.812   9.792   8.395    2.66
   9.663    5.36   6.468   3.823   5.377   6.402   5.353    5.81   2.177   7.283   2.565   3.013   1.432   11.44   4.798   9.642     8.6   2.704
   9.446   5.292   6.471   3.883   5.346   6.532    5.44   5.868   2.139    7.42   2.687   3.149   1.483   11.24   4.777   9.444   8.785   2.741
   9.216   5.219   6.462   3.957   5.312   6.663   5.513   5.917   2.111   7.565   2.784   3.278   1.527   11.02   4.749   9.217   8.934   2.766
   8.993   5.149   6.437    4.04   5.274   6.786   5.564   5.954   2.097   7.709   2.852   3.393   1.558   10.79   4.716   8.977   9.033   2.779
   8.792   5.091   6.395   4.124   5.231   6.886   5.592   5.976   2.097   7.833   2.889   3.485   1.574   10.58   4.677   8.748   9.079   2.777
   8.631    5.05   6.336   4.202   5.183   6.953   5.593   5.985   2.112   7.931   2.892   3.548   1.575   10.41   4.635   8.549   9.072   2.762
   8.523   5.028   6.262   4.265   5.131    6.98   5.571   5.978   2.141   7.998   2.863   3.578   1.561   10.31   4.588   8.399   9.015   2.734
   8.475   5.024   6.177   4.308   5.078   6.964    5.53   5.958   2.183   8.032   2.805   3.576   1.534   10.28    4.54   8.309    8.92   2.694
   8.487   5.033   6.089   4.326   5.025   6.906   5.479   5.924   2.234   8.038   2.721   3.543   1.497   10.32   4.492   8.279   8.803   2.645
   8.556   5.048   6.004   4.316   4.979   6.811   5.424   5.876   2.291    8.02   2.619   3.486   1.454   10.44   4.445   8.306   8.684    2.59
   8.668    5.06   5.931   4.279   4.942   6.688   5.373   5.817    2.35   7.987    2.51   3.412   1.412   10.61   4.404   8.374   8.575   2.531
   8.809   5.061   5.875   4.217   4.917   6.547   5.333   5.749   2.406   7.947   2.403   3.334   1.375   10.83   4.369   8.469   8.496    2.47
   8.961   5.046   5.843   4.134   4.908   6.401   5.308   5.674   2.455   7.915   2.315   3.268   1.349   11.06   4.345   8.572   8.456   2.413
    9.11   5.011   5.833   4.036   4.917   6.262   5.299   5.597   2.492   7.896   2.259   3.224   1.339    11.3   4.331   8.666   8.459   2.357
   9.242   4.954   5.845   3.931   4.944   6.141   5.307    5.52   2.516   7.904   2.242   3.211   1.343   11.51    4.33   8.739   8.503   2.305
   9.349   4.877   5.872   3.829   4.988   6.046   5.327   5.449   2.524   7.943   2.266    3.23   1.359   11.68   4.341   8.781   8.578   2.257
   9.424   4.786   5.906   3.736   5.049   5.982   5.353   5.387   2.517   8.019    2.32   3.276   1.381    11.8   4.361   8.788   8.671   2.211
   9.467   4.687   5.941   3.662   5.121   5.953   5.381   5.338   2.498   8.128   2.391   3.336   1.403   11.86   4.388    8.76   8.766   2.168
   9.482   4.589   5.968   3.615   5.203   5.955   5.402   5.307   2.471   8.258    2.46   3.396   1.418   11.86   4.418   8.703    8.85   2.126
   9.475   4.504   5.981   3.601   5.287   5.987   5.411   5.297   2.441   8.396   2.513   3.442   1.421   11.81   4.446   8.621   8.909   2.084
   9.454   4.442   5.976   3.623   5.371    6.04   5.407   5.308   2.416   8.529   2.537   3.465    1.41   11.72   4.469   8.527   8.935   2.046
   9.427    4.41   5.954   3.681   5.447    6.11   5.383   5.342     2.4   8.635   2.525   3.457   1.383    11.6   4.483   8.432   8.925   2.009
   9.402   4.415   5.915    3.77   5.514   6.189   5.342   5.397   2.398   8.699   2.473   3.413   1.341   11.48   4.485   8.349   8.878   1.978
   9.388   4.459   5.864   3.886   5.569    6.27   5.284    5.47   2.414    8.71   2.383   3.336    1.29   11.38   4.474   8.288   8.802   1.955
   9.389   4.538   5.808    4.02   5.608   6.348   5.212   5.557   2.449   8.666   2.258   3.226   1.232    11.3   4.448   8.259   8.705   1.942
   9.404   4.647   5.753   4.161   5.632   6.421   5.133   5.649   2.501   8.568   2.107   3.089   1.176   11.26   4.409   8.267   8.603   1.944
   9.434   4.777   5.709     4.3    5.64   6.486   5.056    5.74   2.567   8.425   1.941   2.936   1.131   11.26    4.36    8.31   8.511    1.96
   9.476   4.917   5.686   4.429   5.636    6.54   4.989    5.82   2.643    8.25   1.775   2.776   1.105   11.29   4.305   8.387   8.443   1.992
   9.524   5.056   5.689   4.539   5.621   6.584    4.94   5.883   2.724   8.063   1.622   2.627   1.104   11.36   4.249    8.49    8.41    2.04
   9.571   5.184   5.724   4.627   5.598   6.617    4.92    5.92   2.802   7.879   1.502   2.505   1.131   11.43   4.199   8.611   8.418   2.103
   9.616   5.293   5.791   4.686   5.569   6.636   4.933   5.926   2.873   7.717    1.43   2.432   1.183   11.51    4.16   8.737   8.466   2.176
    9.65   5.375   5.885   4.718   5.537   6.637    4.98   5.899    2.93   7.588   1.416   2.423   1.257   11.58   4.136   8.858   8.546   2.257
   9.671   5.425   5.996    4.72   5.502   6.615   5.058   5.837   2.968   7.501   1.458   2.488   1.344   11.64   4.133   8.963   8.644    2.34
   9.677   5.441   6.113   4.698   5.467   6.566   5.162   5.743   2.982   7.458   1.544   2.622   1.436   11.67   4.149   9.048   8.745   2.421
   9.666   5.423   6.219   4.655   5.431   6.485   5.282   5.623    2.97   7.454   1.658   2.806   1.525   11.68   4.184   9.104   8.836   2.494
   9.641   5.374   6.301   4.597   5.395   6.371   5.409   5.482   2.931   7.481   1.785   3.016   1.604   11.67   4.234   9.134   8.905   2.558
   9.601   5.302   6.346   4.533   5.357   6.222   5.532   5.331   2.868   7.529   1.913    3.23   1.668   11.63   4.295   9.137    8.94    2.61
   9.555   5.216   6.348   4.466    5.32   6.045   5.642    5.18   2.786   7.583   2.032   3.426   1.714   11.58   4.362    9.12   8.938   2.648
   9.504   5.128   6.301   4.406   5.282   5.846   5.734   5.043   2.692    7.63   2.136    3.59    1.74   11.52   4.431   9.088   8.895   2.671
   9.454   5.053   6.208   4.357   5.244   5.637   5.802   4.935   2.596   7.657   2.217   3.712   1.746   11.45   4.495   9.055   8.819   2.683
   9.405   5.002   6.074   4.321   5.209   5.433   5.843   4.866   2.509   7.653   2.274   3.783   1.737   11.37   4.551   9.022   8.715   2.684
   9.361   4.986   5.912     4.3   5.179   5.253   5.861   4.848    2.44   7.609   2.303   3.803   1.715    11.3   4.595       9   8.596   2.678
   9.319   5.007   5.734   4.293   5.153   5.113   5.855   4.885   2.395   7.522   2.306   3.774   1.689   11.23   4.624   8.992   8.474   2.669
   9.276   5.063   5.557   4.295   5.135    5.03   5.834   4.976   2.376   7.399   2.287   3.702   1.666   11.16   4.636   8.998   8.363   2.659
   9.227   5.145   5.397   4.303   5.126   5.014   5.802   5.113   2.382   7.246   2.252   3.598   1.652   11.11   4.629   9.011   8.275   2.651
   9.168   5.239    5.27   4.311   5.125    5.07    5.77   5.282   2.406    7.08    2.21   3.476   1.656   11.04   4.605   9.027   8.221   2.648
   9.098   5.333   5.186   4.316   5.133   5.196    5.74   5.466   2.437   6.924   2.173   3.355   1.678   10.98   4.566   9.036   8.209   2.649
   9.012   5.414   5.154   4.314   5.146   5.381   5.722   5.647   2.468   6.801   2.153   3.253   1.719   10.91   4.516   9.031   8.242   2.659
   8.913   5.471   5.176   4.302    5.16   5.608   5.716   5.811    2.49   6.727   2.159   3.187   1.773   10.83   4.458   9.006   8.317   2.674
   8.807   5.497    5.25    4.28   5.173    5.86   5.723    5.94   2.499   6.721   2.196   3.166   1.835   10.74   4.396   8.957   8.423   2.695
   8.699   5.488    5.37   4.249   5.181   6.114   5.741   6.028   2.491    6.78   2.262   3.191   1.896   10.66   4.336   8.886   8.549   2.718
   8.595   5.446   5.525   4.207   5.179   6.351   5.762   6.069   2.465   6.899   2.349   3.255   1.949   10.58   4.282   8.795   8.681   2.744
   8.509   5.373   5.702   4.157   5.165   6.551   5.779    6.06   2.424   7.056   2.447    3.34   1.989   10.51   4.236    8.69   8.804   2.768
   8.448   5.276   5.887   4.102   5.136   6.698   5.787   6.005    2.37   7.228   2.542    3.43   2.008   10.47   4.201    8.58   8.906   2.792
   8.421   5.164   6.067   4.046   5.091   6.784   5.776    5.91    2.31   7.392   2.623   3.511   2.005   10.46   4.178   8.476   8.979    2.81
   8.436   5.047    6.23   3.992   5.033   6.801   5.746   5.784   2.248   7.527    2.68   3.569   1.978   10.47   4.167   8.388   9.019   2.824
   8.497    4.94   6.369   3.944   4.965   6.754   5.691   5.638   2.192    7.62   2.707   3.595   1.928   10.53   4.168   8.324   9.027    2.83
   8.607   4.855   6.478   3.906   4.892   6.647   5.613   5.483    2.15   7.668   2.702   3.584   1.857   10.61   4.181   8.294   9.008   2.829
   8.764   4.803   6.557   3.881   4.821   6.497   5.516   5.333   2.128   7.666   2.662   3.536   1.771   10.72   4.204   8.301   8.969    2.82
   8.962   4.794   6.608   3.874   4.761   6.321   5.405   5.198   2.131   7.621    2.59   3.452   1.677   10.84   4.235   8.347   8.924   2.801
   9.192    4.83   6.639   3.883   4.723   6.144   5.288   5.089   2.159   7.541   2.492   3.337   1.583   10.95   4.272    8.43   8.879   2.774
   9.439    4.91   6.656    3.91   4.715   5.987   5.174   5.018    2.21   7.435   2.374   3.197   1.498   11.07   4.313   8.545   8.845   2.735
   9.689   5.027   6.666   3.951   4.743   5.874   5.072   4.989    2.28   7.313   2.245    3.04   1.429   11.16   4.355   8.678   8.824   2.688
   9.924   5.168   6.674   4.003   4.812   5.818    4.99   5.005    2.36    7.19   2.114   2.877   1.381   11.21   4.394   8.822   8.818   2.633
   10.13   5.319   6.682   4.062   4.922   5.825   4.935   5.065   2.442   7.073   1.993   2.715   1.354   11.23   4.431   8.962   8.826   2.571
   10.29   5.465   6.688   4.121   5.064    5.89   4.911   5.163   2.518   6.975   1.892   2.565   1.345   11.22    4.46   9.085   8.846   2.504
    10.4   5.593   6.687   4.175   5.231   6.001   4.916   5.289   2.583   6.905   1.822   2.439   1.347   11.17    4.48   9.179   8.863   2.437
   10.45   5.691   6.671   4.221    5.41   6.138   4.951   5.429   2.629   6.872   1.792    2.35   1.354   11.11   4.488   9.236   8.879   2.374
   10.43   5.751   6.636   4.254   5.588   6.282   5.007    5.57   2.655   6.878   1.805   2.306   1.359   11.03   4.482    9.25   8.884   2.319
   10.34   5.766   6.578    4.27   5.751   6.413   5.079     5.7    2.66   6.923   1.863   2.313   1.358   10.95   4.462   9.222   8.876   2.278
    10.2   5.735   6.495   4.269    5.89   6.517   5.156   5.808   2.643   7.001   1.959   2.365   1.349   10.89    4.43   9.153   8.851   2.255
   10.02    5.66   6.388    4.25   5.995   6.579   5.232   5.884   2.609   7.102   2.083   2.456   1.333   10.88   4.385   9.049   8.809   2.253
   9.794   5.547   6.262   4.216   6.059   6.596   5.298   5.923   2.559   7.219   2.225   2.574   1.309   10.91   4.333    8.92   8.755   2.276
   9.554   5.405   6.123   4.168   6.081   6.563   5.348   5.923   2.499   7.338   2.375   2.708   1.282      11   4.277   8.777   8.689   2.321
   9.312   5.246   5.979   4.111   6.059   6.486   5.379   5.881   2.437   7.449   2.522   2.847   1.256   11.13   4.222    8.63   8.619   2.387
   9.086   5.083   5.841   4.049       6    6.37   5.389   5.802    2.38   7.547   2.657    2.98   1.237   11.28   4.173   8.492   8.553   2.467
    8.89   4.935   5.719   3.987   5.909   6.232   5.379    5.69   2.337   7.629   2.771   3.096    1.23   11.43   4.136   8.373   8.499   2.557
   8.737   4.818   5.624    3.93   5.797   6.086   5.354   5.553   2.319   7.696   2.858    3.19   1.241   11.58   4.115   8.281   8.464   2.648
   8.634   4.749   5.569   3.884   5.676   5.951   5.316     5.4    2.33   7.751   2.913   3.256   1.271   11.68   4.113   8.221    8.45   2.732
   8.586    4.74   5.564   3.851   5.559   5.847   5.271    5.24   2.377   7.798   2.931   3.294   1.317   11.73    4.13   8.195   8.457   2.801
   8.591   4.799   5.614   3.836   5.461   5.787   5.226   5.083   2.457   7.842   2.913   3.304   1.375   11.69   4.167   8.203   8.482   2.849
   8.645   4.925    5.72   3.841   5.391   5.781   5.188   4.939   2.566   7.885   2.856   3.288    1.44   11.59   4.222   8.245   8.514   2.868
   8.739   5.109   5.874   3.863   5.357    5.83   5.161   4.816   2.696   7.929   2.765   3.252   1.503   11.42   4.291   8.315   8.543   2.855
   8.864   5.338   6.064   3.901   5.361   5.927   5.148   4.718   2.833   7.974   2.644   3.202   1.558   11.18    4.37   8.407   8.557   2.809
   9.011   5.592   6.273   3.952   5.401    6.06   5.152   4.651   2.968   8.013   2.498   3.143     1.6   10.87   4.456   8.516   8.545   2.731
   9.165   5.853   6.481   4.009   5.468   6.213   5.169   4.615    3.09   8.044   2.338   3.082   1.623   10.53   4.543   8.633   8.499   2.627
   9.319     6.1   6.671   4.066   5.552   6.369   5.197   4.611   3.188   8.061   2.172   3.024   1.626   10.17   4.623   8.753   8.418   2.506
    9.46   6.316   6.826   4.115   5.643   6.513   5.232   4.637   3.256   8.055   2.013   2.975   1.607   9.821   4.695   8.868   8.304   2.382
   9.578   6.486   6.936   4.152   5.726    6.63   5.271   4.689    3.29   8.023   1.875   2.937   1.566   9.497   4.751   8.975   8.164   2.273
   9.667   6.598   6.992   4.167   5.794   6.714   5.305   4.764   3.286   7.961   1.769   2.912   1.509   9.217   4.791   9.067    8.01   2.195
   9.722   6.647   6.995   4.158   5.838   6.756   5.336   4.857   3.248   7.871   1.707     2.9   1.441   9.005   4.812   9.143   7.858   2.167
    9.74   6.631   6.945   4.123   5.855   6.759   5.356   4.959   3.175   7.756   1.692   2.901   1.366    8.87   4.813   9.203    7.72   2.193
   9.723   6.552   6.853   4.064   5.843   6.728   5.363   5.066   3.076   7.625   1.722   2.914   1.295   8.813   4.794   9.246   7.613    2.27
   9.673   6.419   6.728   3.983   5.802   6.672    5.36   5.168   2.961   7.491   1.786   2.936   1.238   8.821   4.759   9.274   7.547   2.384
   9.598   6.243   6.587   3.887    5.74   6.606   5.344   5.257   2.839    7.37   1.875   2.965   1.204   8.891   4.709   9.289   7.529   2.519
   9.508    6.04   6.441   3.787   5.661   6.546   5.318   5.328   2.723    7.28   1.978   2.998   1.202   9.003   4.647   9.293    7.56   2.654
   9.414   5.829   6.306    3.69   5.575   6.509   5.285   5.376   2.626   7.232   2.085    3.03   1.232   9.136   4.577   9.286   7.636   2.777
   9.328   5.629   6.192   3.606   5.491   6.505   5.245   5.398   2.556   7.241   2.188   3.062   1.291   9.287     4.5    9.27   7.745   2.877
   9.259   5.458   6.104   3.545   5.418   6.537   5.203   5.396   2.522   7.307   2.279   3.087   1.369   9.436   4.421   9.246   7.878   2.944
   9.218    5.33   6.045   3.511   5.361   6.599   5.158   5.374   2.522   7.425   2.354   3.105   1.454   9.581   4.341   9.218   8.019   2.975
   9.205   5.255   6.011   3.506   5.326   6.682   5.113   5.333   2.552   7.581   2.408   3.114   1.537   9.718   4.263   9.184   8.156   2.969
   9.224   5.234   5.994   3.527   5.313   6.767   5.069   5.282   2.602   7.758   2.439   3.112   1.605   9.848   4.186   9.148   8.273   2.924
   9.269   5.261   5.984   3.571   5.318   6.838   5.028   5.226   2.659   7.933   2.443     3.1   1.651   9.973   4.115   9.113   8.359   2.845
   9.329   5.324   5.973    3.63   5.336   6.878    4.99   5.173   2.714   8.085   2.423   3.078   1.669    10.1    4.05   9.079   8.407   2.736
   9.401   5.408   5.952   3.697    5.36   6.877   4.956   5.128   2.755   8.196    2.38   3.051   1.654   10.25   3.993    9.05   8.414   2.603
   9.473   5.498   5.917   3.763   5.382   6.828   4.928   5.096   2.778   8.252   2.317   3.022   1.603    10.4   3.948    9.03   8.382   2.455
   9.539   5.578   5.864   3.822   5.395   6.731   4.908   5.081   2.779   8.241   2.239   2.996   1.519   10.59   3.915   9.021    8.32   2.305
   9.598   5.636   5.794   3.869   5.395   6.592   4.898   5.085   2.754    8.16   2.155    2.98   1.406   10.79   3.898   9.021    8.24   2.166
   9.643   5.665   5.712     3.9    5.38   6.417   4.906   5.109   2.706   8.016   2.073   2.977   1.272      11   3.898   9.034   8.158   2.053
   9.677   5.659   5.626   3.913   5.349    6.22   4.929   5.148   2.637   7.811   2.004   2.994   1.131   11.21   3.915   9.055   8.093   1.985
     9.7   5.618   5.544   3.907   5.307   6.016    4.97   5.201   2.551   7.565   1.961   3.028   1.008   11.39   3.949   9.083   8.057   1.974
   9.715   5.545    5.48   3.883   5.258   5.823   5.026    5.26   2.454   7.297   1.952   3.081  0.9348   11.55   3.998   9.113   8.062   2.027
   9.722   5.448    5.44   3.846   5.208   5.656   5.097    5.32   2.352   7.031   1.983   3.146  0.9353   11.65   4.059   9.143   8.111   2.137
   9.727   5.336   5.433     3.8   5.165   5.532   5.173   5.374   2.252   6.795    2.05   3.215   1.005    11.7   4.127   9.167   8.193   2.289
   9.731   5.223   5.464   3.752   5.135   5.466   5.253   5.417   2.159   6.614   2.146    3.28   1.116   11.69   4.196   9.183   8.301   2.461
   9.738   5.124   5.529   3.712   5.122   5.465   5.325   5.444   2.081   6.511   2.258   3.332   1.241   11.63   4.261   9.185   8.415   2.632
   9.754   5.054   5.623    3.69   5.129   5.528   5.386   5.453   2.023   6.499    2.37   3.363    1.36   11.52   4.315   9.171   8.512   2.786
   9.782   5.023   5.737   3.692   5.155   5.645    5.43   5.445   1.991   6.579    2.47   3.367   1.459   11.37   4.352   9.141   8.582   2.911
   9.825   5.039   5.857   3.727   5.199   5.802   5.453    5.42   1.986   6.742   2.546   3.338   1.532    11.2   4.371   9.094   8.606   2.998
   9.882     5.1   5.972   3.794   5.256   5.975   5.457   5.385   2.009   6.972    2.59   3.276   1.574   11.05   4.368   9.035   8.579   3.043
   9.949     5.2    6.07   3.892   5.317   6.142   5.436   5.344   2.059   7.244   2.599   3.182   1.586    10.9   4.342   8.964   8.498   3.043
   10.02   5.327   6.142   4.014    5.38   6.284   5.397   5.302   2.128   7.534   2.572   3.062    1.57   10.79   4.295    8.89   8.364   3.003
    10.1   5.469   6.183    4.15   5.434   6.385   5.338   5.266   2.211   7.823   2.512   2.921   1.527   10.73   4.231   8.816   8.191   2.927
   10.16   5.611    6.19   4.289   5.477   6.434   5.269   5.238     2.3   8.085   2.426   2.771   1.465   10.73   4.152    8.75   7.988   2.826
    10.2   5.741   6.164    4.42   5.505   6.427   5.194   5.222   2.388   8.305   2.322   2.624   1.387   10.79   4.067   8.696   7.779   2.713
   10.22   5.848    6.11   4.534   5.515   6.365   5.119   5.215   2.469   8.465   2.213   2.493   1.299    10.9   3.981   8.664   7.578   2.601
    10.2   5.926   6.033   4.624   5.508   6.254   5.056   5.216    2.54   8.556    2.11   2.388   1.208   11.05   3.902   8.653   7.409   2.507
   10.15   5.967   5.945   4.683   5.488   6.105   5.013   5.221   2.595   8.572   2.024   2.318    1.12   11.23   3.839   8.668   7.288    2.44
   10.07   5.972   5.854   4.711   5.458   5.933   4.998   5.226   2.634   8.517   1.959   2.285   1.042   11.41   3.799   8.712   7.227    2.41
   9.956    5.94   5.771   4.708   5.426   5.752   5.017   5.225   2.655   8.399   1.919   2.288  0.9845   11.57   3.786    8.78   7.231   2.415
   9.826   5.874   5.704   4.677   5.398   5.579   5.073   5.215   2.659   8.234   1.901   2.319  0.9605    11.7   3.805   8.869   7.295    2.45
   9.679   5.783   5.659   4.625   5.381   5.429    5.16   5.194   2.648   8.043   1.903   2.373  0.9818   11.79   3.855   8.976   7.409   2.501
   9.527   5.674   5.636   4.558   5.381   5.312   5.276   5.161   2.625   7.853   1.919   2.446   1.049   11.83   3.933   9.093   7.556   2.557
    9.38   5.557   5.634   4.485   5.401   5.237   5.408   5.116   2.593   7.689   1.945   2.532   1.147   11.83   4.031   9.213   7.719   2.607
    9.25   5.441   5.647   4.415    5.44   5.206   5.546   5.062   2.556   7.564   1.979   2.628   1.259   11.79   4.141   9.328   7.877   2.638
   9.145   5.335    5.67   4.354   5.496   5.217   5.676   5.003   2.515   7.491   2.019   2.728   1.368   11.71   4.253   9.436   8.017   2.647
   9.076   5.244   5.695   4.304   5.562   5.262   5.786   4.946   2.477   7.462   2.064   2.828   1.463   11.62   4.356    9.53   8.126   2.631
   9.048   5.173   5.718   4.269   5.633   5.333   5.868     4.9   2.443   7.458    2.11   2.921   1.535   11.53   4.444   9.609   8.197    2.59
    9.07   5.119   5.733   4.246   5.702   5.423   5.912   4.874   2.418   7.458   2.156   3.001   1.578   11.43   4.508   9.677   8.225   2.528
   9.145   5.082   5.744   4.231   5.763    5.52   5.914   4.878   2.404   7.437     2.2   3.065   1.588   11.36   4.546   9.732    8.21   2.448
    9.27   5.057   5.751    4.22   5.809   5.618   5.874   4.917   2.402   7.375   2.239    3.11   1.563   11.29   4.555   9.783   8.161   2.359
   9.444    5.04    5.76   4.209   5.839   5.712    5.79   4.994   2.414   7.259   2.274   3.137   1.507   11.23   4.539   9.829   8.083   2.265
   9.658   5.028   5.779   4.193   5.849   5.799   5.673   5.105   2.438   7.088   2.306   3.148   1.423   11.16   4.501   9.884   7.988   2.177
   9.902   5.019   5.816   4.167   5.842   5.883   5.529   5.243   2.477   6.868   2.335    3.15   1.318   11.08   4.446   9.943   7.891     2.1
   10.16   5.013   5.879   4.131   5.822   5.965   5.372   5.396   2.526    6.61   2.364   3.147   1.202   10.99   4.381   10.01   7.803   2.039
   10.42   5.011   5.971   4.085   5.792   6.049   5.212   5.552   2.584   6.333   2.393   3.143   1.085   10.87   4.313   10.09   7.738   1.999
   10.66   5.013   6.092   4.028    5.76   6.137   5.062     5.7   2.648   6.057   2.422   3.142  0.9836   10.73   4.249   10.17   7.707   1.981
   10.87   5.021   6.236   3.966   5.732    6.23   4.937    5.83   2.713   5.798   2.449   3.143   0.913   10.57   4.194   10.25   7.711   1.983
   11.04   5.035   6.392   3.902   5.712   6.326   4.844   5.937   2.775   5.574    2.47   3.144  0.8874    10.4   4.152   10.31   7.752   2.002
   11.16   5.058   6.547   3.843   5.705   6.423    4.79   6.017   2.831   5.397    2.48   3.142  0.9101   10.22   4.125   10.37   7.825   2.032
    11.2   5.088   6.684   3.796    5.71   6.516   4.779   6.069   2.874   5.277   2.474   3.131  0.9726   10.05   4.112    10.4   7.922   2.066
   11.18   5.126   6.788   3.768   5.727   6.596   4.807   6.096   2.904   5.227   2.453   3.111   1.057   9.911   4.112    10.4   8.031   2.099
   11.09   5.172   6.847   3.764   5.747   6.658   4.869   6.101   2.915   5.259   2.413   3.079   1.146   9.809    4.12   10.37   8.143   2.124
   10.93   5.223   6.849   3.788   5.767   6.696   4.956   6.089   2.908   5.382   2.357   3.036   1.231   9.768   4.133   10.31   8.247   2.142
    10.7   5.276   6.792   3.838   5.779   6.706   5.059   6.063   2.882     5.6    2.29   2.986   1.307   9.802   4.145    10.2   8.336    2.15
   10.43   5.328   6.675   3.908   5.774   6.688   5.169    6.03   2.836     5.9   2.217   2.933    1.37    9.93    4.15   10.06   8.408    2.15
   10.11   5.372   6.503   3.991   5.748    6.64   5.275   5.996   2.774    6.26   2.147   2.883   1.417   10.14   4.148   9.892   8.458   2.144
   9.771   5.406   6.286   4.078   5.698   6.566   5.369   5.962     2.7   6.645   2.084   2.841   1.449   10.42   4.136   9.697    8.49   2.139
   9.427   5.427   6.041   4.155   5.624   6.469   5.445   5.933   2.615   7.024    2.04   2.814   1.465   10.75   4.112   9.487   8.503   2.137
   9.096   5.434   5.784   4.215   5.529   6.356   5.499   5.908   2.527   7.365   2.018   2.805   1.465    11.1   4.079   9.273   8.503   2.144
   8.798   5.431    5.54   4.252    5.42   6.235   5.529   5.889   2.439   7.642   2.023   2.817   1.452   11.44   4.039   9.069   8.491   2.165
   8.552   5.422   5.329   4.261   5.306   6.114   5.535   5.872   2.356    7.84   2.054   2.852   1.429   11.72   3.996   8.886   8.473   2.201
   8.374   5.415   5.174   4.241   5.197   6.004   5.521   5.853   2.285   7.945   2.111   2.908     1.4   11.93   3.955    8.74    8.45   2.249
   8.278   5.418   5.096   4.195   5.105   5.912   5.493   5.827    2.23   7.953   2.187   2.981   1.367   12.05    3.92   8.643   8.424   2.307
   8.269   5.437   5.104   4.127   5.041   5.847   5.456   5.792   2.195   7.871   2.272   3.067   1.337   12.06   3.895   8.603   8.397   2.369
   8.349   5.481     5.2   4.045   5.012   5.812   5.417   5.744   2.181   7.708   2.358   3.157   1.312   11.98   3.884   8.623   8.368   2.427
   8.508    5.55   5.374   3.956   5.024   5.808   5.382   5.681   2.189    7.48   2.434   3.244   1.294   11.81   3.888     8.7   8.339   2.477
    8.73   5.645   5.608   3.873   5.076   5.831   5.358   5.605   2.218   7.206    2.49   3.317   1.282   11.57   3.907   8.824   8.313   2.513
   8.994   5.762   5.877   3.805    5.16   5.876   5.349    5.52   2.264   6.907    2.52   3.369   1.277   11.29    3.94    8.98   8.287   2.533
   9.278   5.897   6.158   3.763   5.269   5.933   5.356    5.43   2.323   6.602   2.517   3.394   1.275   10.99   3.984   9.154   8.268   2.536
   9.558    6.04   6.424   3.755   5.388   5.993    5.38   5.342   2.388   6.312    2.48   3.389   1.273   10.72   4.037   9.326   8.258   2.522
   9.814   6.182   6.657   3.788   5.505   6.048   5.421   5.265   2.454   6.053   2.412   3.354    1.27   10.48   4.095   9.478   8.261   2.494
   10.03   6.313   6.838    3.86   5.607   6.092   5.475   5.205   2.518    5.84   2.318    3.29   1.264   10.31   4.154   9.599   8.281   2.457
   10.18   6.423   6.956    3.97   5.683   6.122   5.537   5.168   2.575   5.687   2.206   3.205   1.255   10.21   4.212   9.677   8.318   2.416
   10.27   6.505   7.006   4.107   5.725   6.136   5.601   5.158   2.622   5.599   2.088   3.105   1.245   10.19   4.266   9.704   8.372   2.377
   10.29   6.549   6.989    4.26   5.728   6.138   5.662   5.178   2.658   5.582   1.974       3   1.234   10.24   4.313    9.68   8.439   2.345
   10.24   6.551   6.912   4.416    5.69   6.131   5.713   5.226   2.683   5.639   1.876   2.902   1.226   10.34   4.352   9.605   8.514   2.326
   10.13    6.51   6.788   4.561   5.616   6.123   5.749   5.298   2.698   5.768     1.8    2.82   1.221   10.47   4.382   9.485   8.587   2.321
   9.984   6.426   6.633   4.684    5.51   6.118   5.766   5.387   2.704   5.961   1.751   2.762   1.223   10.61   4.401   9.329   8.646   2.332
   9.808   6.305   6.467   4.777   5.382   6.124   5.761   5.486   2.703   6.209   1.727    2.73    1.23   10.74    4.41   9.152   8.684   2.355
   9.617   6.155   6.307   4.833   5.244   6.141   5.736   5.585   2.697   6.494   1.728   2.724   1.245   10.86   4.409   8.967   8.691   2.388
   9.433   5.987    6.17   4.852   5.109   6.174    5.69   5.675   2.691   6.805   1.749   2.742   1.265   10.93   4.397    8.79   8.658   2.424
   9.272   5.814   6.066   4.833   4.993   6.216    5.63   5.749   2.685   7.121   1.785   2.778   1.289   10.97   4.379    8.64   8.583   2.457
   9.145    5.65   5.997   4.781   4.909   6.265   5.558     5.8   2.682   7.428   1.835   2.825   1.315   10.97   4.353   8.528   8.467   2.482
    9.06   5.505   5.962   4.704   4.865   6.313   5.477   5.825    2.68   7.708   1.894   2.879   1.338   10.94   4.325   8.469    8.31   2.496
   9.021   5.389    5.95   4.609   4.865   6.351   5.396   5.821    2.68   7.948   1.954   2.931   1.357   10.89   4.296   8.465   8.123   2.495
   9.021   5.304   5.951    4.51   4.911   6.373   5.319   5.794   2.681   8.134   2.012   2.977   1.368   10.85   4.269   8.518   7.915   2.481
   9.055    5.25   5.957   4.414   4.996   6.373    5.25   5.747    2.68   8.257    2.06   3.012    1.37   10.82   4.246   8.622   7.707   2.455
   9.112   5.222   5.956   4.333   5.108   6.346   5.193   5.688   2.674   8.314   2.091   3.033   1.361   10.84   4.232   8.769   7.517   2.422
   9.181   5.214   5.946   4.274   5.236   6.292   5.149   5.625   2.663   8.303   2.102    3.04   1.344   10.91   4.228   8.944   7.369   2.385
   9.253   5.218   5.922   4.243   5.369   6.215   5.123   5.566   2.644   8.228   2.091   3.033    1.32   11.02   4.236   9.137   7.284   2.351
   9.318   5.227    5.89   4.243   5.495    6.12   5.111   5.515   2.615   8.096   2.064   3.016   1.291   11.18   4.257   9.327    7.28   2.324
   9.372   5.235    5.85   4.271   5.605   6.014   5.114   5.479   2.578   7.925   2.024   2.993   1.263   11.36    4.29   9.509   7.364   2.309
   9.411    5.24   5.808   4.323   5.692   5.906    5.13   5.454   2.533   7.727   1.981    2.97   1.241   11.54   4.336   9.668   7.532   2.307
   9.438   5.238   5.774   4.394   5.752   5.808   5.154   5.441   2.483   7.519   1.944   2.953   1.227   11.71   4.391     9.8   7.768   2.321
   9.456   5.231   5.754   4.474   5.784   5.728   5.184   5.434   2.429   7.319   1.921   2.942   1.224   11.86   4.453   9.901   8.046   2.347
   9.472   5.218   5.756   4.556   5.789   5.673   5.215   5.431   2.376   7.145   1.917   2.938   1.234   11.95   4.519   9.971   8.338   2.385
   9.495   5.205   5.784   4.631   5.772   5.645   5.245   5.428   2.328   7.008   1.926   2.938   1.253      12   4.583   10.01    8.61   2.429
   9.533   5.196   5.841   4.695   5.741   5.644   5.274   5.423    2.29    6.92   1.945   2.937   1.279   11.99   4.642   10.03   8.834   2.477
   9.594   5.199   5.924   4.742   5.702   5.666   5.297   5.412   2.265   6.884   1.964    2.93   1.308   11.93   4.692   10.02   8.991   2.524
   9.681   5.221   6.024   4.771   5.666   5.705   5.317   5.399   2.256   6.902   1.977   2.912   1.337   11.82   4.729      10   9.059   2.566
   9.796   5.271   6.133   4.785   5.643   5.755   5.334   5.381   2.268   6.971   1.978   2.881   1.361    11.7   4.749   9.985   9.038   2.599
   9.928   5.354   6.238   4.784   5.637   5.805   5.349   5.361   2.299   7.083   1.965   2.836   1.379   11.58   4.754    9.96   8.925   2.622
   10.08   5.471   6.325   4.776   5.652   5.849   5.369   5.338   2.351   7.225    1.94   2.779   1.389   11.48   4.741    9.94   8.735   2.634
   10.23   5.619   6.384   4.765   5.688   5.881   5.392   5.316    2.42   7.385   1.906   2.713    1.39   11.41   4.713   9.927   8.481   2.635
   10.37   5.788   6.405   4.757   5.742   5.896   5.419   5.296   2.504   7.548   1.869   2.644   1.383   11.39    4.67   9.913   8.193   2.628
   10.48   5.966   6.386   4.755   5.806   5.895   5.453   5.283   2.599   7.694   1.836   2.576   1.368   11.44    4.62   9.894   7.898   2.613
   10.55    6.14   6.326   4.762    5.87   5.877    5.49   5.281   2.699   7.812   1.813   2.517   1.346   11.53   4.564   9.869   7.625   2.597
   10.58   6.294    6.23   4.774   5.927   5.848   5.528   5.292   2.797   7.892   1.807   2.471    1.32   11.66   4.507    9.83   7.403    2.58
   10.56   6.414   6.107   4.791   5.968   5.814   5.562   5.321   2.889   7.925   1.821   2.447   1.291   11.79   4.454   9.773   7.249   2.563
   10.48   6.492   5.972   4.807   5.984   5.786   5.592   5.368   2.969    7.91   1.857    2.45   1.262   11.92   4.407   9.695   7.174   2.547
   10.35    6.52   5.839   4.815   5.974   5.772   5.612   5.433   3.033   7.854   1.913   2.484   1.234      12   4.366    9.59   7.176   2.529
