   5.473   10.01   6.444   5.772   3.816    6.19   5.545   4.267   2.628     3.9   10.06   1.686   1.916   5.877   5.098    9.38   5.248   4.574   2.141   11.01   7.771   2.516
   5.424   9.946   6.516   5.753     3.8   6.167    5.54   4.282    2.62   3.948   10.03   1.707    1.98   5.973   5.038   9.428   5.229   4.496   2.203   11.06   7.791   2.529
   5.387   9.863   6.584   5.735   3.801   6.124   5.511   4.303   2.606    3.98   9.979   1.713   2.048   6.046   4.994   9.438   5.201   4.424   2.268   11.07   7.781   2.535
   5.362   9.751   6.644   5.723   3.823   6.051   5.457   4.329   2.583   3.992   9.903   1.702   2.115   6.092   4.961   9.415   5.168   4.351   2.329   11.05   7.731    2.53
   5.348   9.614   6.682    5.72   3.865   5.944    5.38   4.359   2.554   3.981   9.808   1.672   2.177   6.104   4.936   9.367    5.13   4.272   2.379   11.02    7.64   2.517
   5.346   9.466   6.696   5.727   3.926   5.804   5.283   4.394   2.519   3.948   9.708   1.625   2.232   6.084    4.92   9.297   5.091   4.185   2.416   10.99   7.513   2.496
   5.354   9.314   6.684   5.745   3.999   5.636   5.174   4.428   2.482   3.896   9.608   1.561   2.276   6.033   4.912   9.214   5.056   4.088   2.439   10.99   7.357   2.467
   5.369   9.174   6.645   5.772   4.077   5.453   5.058   4.458   2.447   3.829   9.517   1.487   2.308   5.959   4.916    9.13   5.031   3.985   2.449   11.02   7.188   2.436
   5.391   9.055   6.585   5.804   4.154   5.269   4.946   4.479   2.418   3.753    9.44   1.405   2.329   5.867   4.934    9.05   5.022   3.883   2.447   11.09   7.019   2.402
   5.419   8.967   6.513   5.836   4.219   5.102   4.844   4.487   2.398   3.676   9.388   1.325    2.34   5.768   4.971   8.983   5.033   3.787   2.438    11.2    6.87    2.37
   5.451   8.918   6.438   5.865   4.269    4.97   4.761   4.479   2.391   3.604   9.353   1.249   2.343    5.67   5.028    8.93   5.065   3.709   2.425   11.34   6.756   2.343
   5.488   8.912    6.37   5.886   4.299    4.89   4.701   4.454   2.397   3.545   9.335   1.182   2.341   5.585   5.109   8.896   5.118    3.66   2.415    11.5    6.69   2.322
   5.527   8.947   6.322   5.898   4.306   4.879   4.668   4.412   2.421   3.506   9.332   1.133   2.337   5.517    5.21    8.88   5.186    3.65   2.411   11.64   6.677    2.31
   5.571   9.022   6.303   5.897   4.291   4.944   4.663   4.358    2.46   3.488   9.341   1.105   2.333   5.472   5.326   8.877   5.264   3.688   2.418   11.75   6.721   2.306
   5.617   9.128   6.317   5.886   4.257   5.088   4.683   4.294   2.513   3.495   9.349   1.103   2.331   5.451   5.451   8.887   5.344   3.773    2.44    11.8   6.821   2.307
   5.666   9.255   6.366   5.865   4.207   5.304   4.723   4.228   2.577   3.524   9.361   1.128   2.333   5.451   5.576   8.901   5.414   3.901   2.476   11.79   6.971   2.312
   5.717   9.395   6.442   5.838   4.147   5.576   4.778   4.163   2.646   3.571   9.367   1.179   2.337   5.468   5.688   8.919   5.467   4.062   2.526   11.71   7.158   2.319
   5.768   9.536   6.538   5.809   4.084   5.881   4.842   4.106   2.716   3.629   9.373   1.248   2.343   5.495    5.78   8.933   5.498   4.241   2.583   11.57   7.372   2.324
   5.818   9.664   6.641   5.782   4.024   6.195   4.909   4.062   2.782   3.691   9.377   1.325    2.35   5.526   5.843   8.944   5.502   4.422    2.64   11.36   7.597   2.324
   5.862   9.772   6.736   5.761   3.971   6.494   4.972   4.035    2.84   3.751    9.38   1.402   2.355   5.555   5.873   8.948    5.48    4.59    2.69   11.11   7.816    2.32
   5.898   9.856   6.814   5.749   3.931   6.754   5.025   4.027   2.885   3.802   9.385   1.471   2.358   5.578   5.865   8.943   5.432   4.731   2.725   10.83   8.012    2.31
   5.921   9.901    6.86   5.746   3.907   6.955   5.065    4.04   2.916    3.84   9.396   1.525   2.359   5.592   5.823   8.931   5.364   4.834   2.741   10.56    8.17   2.299
   5.929   9.908   6.868   5.752     3.9   7.082   5.089   4.074   2.932   3.861   9.413   1.559    2.36   5.595   5.749   8.907   5.284   4.893   2.733   10.29   8.282    2.29
   5.918   9.874   6.833   5.765   3.911   7.126   5.096   4.128   2.934   3.865   9.439   1.572    2.36   5.589   5.649   8.875   5.201   4.903   2.703   10.06   8.342   2.289
   5.886   9.801   6.755   5.779   3.938   7.084   5.089   4.199   2.923   3.851   9.466   1.566   2.364   5.574   5.533   8.833   5.122   4.867   2.651   9.894   8.358   2.305
   5.832   9.693   6.634    5.79   3.979   6.963   5.074   4.284   2.903   3.823   9.505   1.541   2.373   5.554   5.411   8.783   5.058   4.787   2.584   9.808   8.338   2.343
   5.757   9.556   6.481   5.792   4.027   6.773   5.056   4.377   2.874   3.784   9.538   1.506    2.39   5.531   5.294   8.724   5.018   4.675   2.506   9.806   8.297   2.411
   5.662   9.401   6.304   5.782    4.08   6.536   5.047   4.474   2.843   3.741   9.571   1.466   2.417    5.51   5.197   8.659   5.006   4.543   2.425   9.882   8.257    2.51
   5.551   9.236   6.118   5.757   4.132   6.277   5.053   4.571    2.81     3.7   9.598   1.432   2.454   5.493   5.126   8.589   5.025   4.406   2.349   10.03   8.236   2.642
   5.429   9.072   5.936   5.717   4.178   6.024   5.079   4.661    2.78   3.667   9.612   1.411   2.501   5.482    5.09   8.516   5.076   4.281   2.285   10.24   8.248   2.798
   5.303   8.918   5.773   5.661   4.215   5.808   5.128   4.743   2.754   3.652   9.616    1.41   2.557   5.481   5.094   8.444   5.154   4.184   2.239   10.49   8.301   2.972
   5.182   8.782   5.644   5.596   4.243   5.652   5.193   4.811   2.735   3.656   9.607   1.434   2.616   5.491   5.134   8.376   5.252   4.126   2.218   10.74    8.39   3.149
   5.076   8.672   5.559   5.524   4.261   5.571   5.266   4.865   2.724   3.683   9.585    1.48   2.677   5.512   5.202   8.318    5.36   4.111   2.225   10.98   8.503   3.319
   4.993   8.589   5.526   5.455   4.273   5.568   5.337   4.902    2.72   3.733   9.547   1.544   2.731   5.544    5.29   8.272   5.468   4.136   2.262   11.17   8.627   3.465
   4.942   8.535   5.546   5.396    4.28   5.629   5.392   4.922   2.726   3.804   9.501    1.62   2.775   5.585   5.384   8.244   5.566   4.188   2.326   11.33   8.743   3.578
   4.928   8.507   5.618   5.355   4.288   5.732   5.421   4.926   2.739   3.891   9.449   1.701   2.802   5.631   5.473   8.236   5.645   4.254   2.414   11.41   8.838   3.646
   4.951   8.503   5.731    5.34   4.299   5.852   5.415   4.915   2.758   3.986     9.4   1.778   2.809    5.68   5.546    8.25   5.699   4.316    2.52   11.45   8.896   3.661
   5.006   8.521   5.875   5.358   4.313   5.965   5.371   4.891   2.781   4.083   9.358   1.848   2.795    5.73   5.594   8.288   5.722   4.362   2.637   11.42   8.918    3.62
   5.087   8.556    6.04   5.412    4.33   6.055   5.289   4.855   2.807   4.178   9.323   1.905    2.76   5.778   5.615   8.347   5.713   4.383   2.756   11.37   8.894   3.523
   5.181   8.605   6.212   5.503   4.347   6.112   5.171   4.811   2.832   4.263   9.306   1.945   2.706   5.821   5.608   8.428   5.674   4.374    2.87    11.3   8.834   3.373
   5.278   8.661    6.38   5.629   4.363   6.128   5.027   4.761   2.858   4.334   9.298   1.966   2.641   5.861   5.577   8.522   5.609   4.338   2.972    11.2   8.746   3.179
   5.369   8.722   6.532   5.783   4.372   6.105   4.865   4.707   2.881    4.39   9.309   1.967   2.572   5.896   5.529   8.627   5.523   4.279   3.055   11.13    8.64   2.955
   5.444   8.782   6.661   5.954   4.373   6.049   4.697   4.651   2.902   4.427   9.333    1.95   2.508   5.927   5.472   8.735   5.426   4.208   3.118   11.09   8.528   2.719
   5.498   8.839   6.762   6.133   4.362   5.967   4.537   4.594   2.922   4.448   9.373   1.915   2.457   5.955   5.415   8.841   5.325   4.135   3.158   11.08   8.426   2.492
   5.529   8.889   6.831   6.308   4.338   5.873   4.398   4.537   2.939    4.45   9.418   1.867   2.427   5.977   5.371   8.937   5.231   4.071   3.173    11.1   8.343   2.299
   5.539   8.935   6.868   6.464   4.302    5.78   4.292   4.481   2.955   4.439   9.473    1.81   2.418   5.994   5.349   9.022   5.153   4.029   3.165   11.16   8.289   2.158
   5.531    8.98   6.877   6.594   4.255   5.702    4.23   4.426   2.967   4.416   9.531   1.748   2.431   6.005   5.357    9.09     5.1   4.019   3.138   11.23   8.268   2.083
   5.513   9.032    6.86   6.688     4.2   5.653   4.219   4.375   2.977   4.385   9.591   1.684    2.46   6.011   5.402   9.141   5.077   4.046   3.093   11.33   8.279   2.074
   5.491   9.103   6.823   6.741    4.14   5.641   4.262   4.326   2.981   4.347    9.65   1.622   2.496   6.009   5.488   9.175   5.089   4.116   3.034   11.42   8.317   2.117
   5.478   9.201   6.769    6.75    4.08   5.667   4.356   4.282   2.979   4.304   9.711   1.563   2.534   5.999   5.613   9.197   5.134   4.227   2.965    11.5   8.371   2.193
    5.48   9.335   6.707   6.718   4.025   5.727   4.494   4.244   2.971   4.256   9.768   1.507   2.566   5.983   5.771   9.207   5.211   4.375   2.889   11.55   8.429   2.285
   5.508   9.509   6.636   6.646    3.98   5.813   4.664   4.214   2.957   4.206   9.822   1.454   2.586   5.959   5.954   9.212   5.313   4.553    2.81   11.58   8.476   2.376
   5.568   9.723   6.561   6.545   3.952    5.91   4.852   4.196   2.937    4.15   9.879   1.402   2.591   5.929   6.149   9.215   5.433   4.746   2.732   11.58   8.504   2.457
   5.662   9.961   6.485   6.424   3.945   6.003   5.043   4.189   2.913    4.09   9.939    1.35   2.579   5.893   6.345   9.217   5.563   4.942   2.659   11.56   8.503   2.521
    5.79   10.22    6.41   6.294   3.961    6.08   5.222   4.195   2.887   4.027   9.984   1.299   2.551   5.852   6.526   9.221   5.691    5.13   2.592   11.51   8.474   2.565
   5.942   10.47   6.339    6.17   4.002   6.128   5.377   4.214   2.862   3.962   10.03   1.249   2.507   5.809   6.682   9.225   5.809   5.293   2.536   11.44   8.417   2.585
   6.109    10.7   6.274   6.061   4.063   6.139     5.5   4.242   2.839   3.897   10.07   1.201   2.449   5.765     6.8   9.228   5.907   5.426   2.493   11.35   8.339   2.577
   6.276   10.89   6.216   5.976    4.14   6.111   5.583   4.277   2.821   3.835    10.1   1.159   2.381   5.721   6.876   9.228   5.979   5.521   2.465   11.25   8.246   2.545
   6.429   11.02   6.169   5.923   4.226   6.044   5.623   4.315    2.81    3.78    10.1   1.124   2.308   5.678   6.902   9.219   6.017   5.577   2.451   11.15   8.153    2.49
   6.554   11.08   6.135   5.905   4.311   5.944   5.622   4.352   2.806   3.736    10.1   1.101   2.239   5.639    6.88   9.199    6.02   5.598   2.452   11.05   8.071   2.414
   6.639   11.06   6.117   5.922    4.39   5.822   5.582   4.386    2.81   3.707   10.08    1.09   2.183   5.603   6.812   9.167   5.983    5.59   2.467   10.96   8.011   2.328
   6.673   10.97   6.116   5.967   4.456   5.689   5.511   4.415   2.822   3.697   10.02   1.094    2.15    5.57   6.705    9.12   5.912   5.563   2.492   10.88    7.98   2.241
   6.655   10.81   6.134   6.034   4.505   5.562   5.417   4.437   2.841   3.707   9.972   1.115   2.146   5.539   6.567   9.061   5.806   5.525   2.525   10.79   7.984   2.168
   6.584   10.59    6.17   6.116   4.536   5.458   5.308   4.452   2.864   3.739   9.887    1.15   2.174   5.511   6.407   8.992   5.673   5.487   2.559   10.72   8.022   2.119
   6.466   10.33   6.221   6.203   4.546    5.39   5.194    4.46   2.888   3.791     9.8   1.197    2.23   5.483   6.235   8.916   5.521   5.453   2.593   10.64   8.087   2.104
   6.313   10.04   6.282   6.286   4.539   5.369   5.083   4.463   2.913   3.858   9.717   1.254   2.305   5.454    6.06   8.842   5.358   5.425    2.62   10.56   8.171   2.119
   6.139   9.761   6.346   6.358   4.518   5.395   4.983   4.461   2.934   3.935   9.633   1.315   2.386   5.424   5.891   8.774   5.195   5.402   2.638   10.47    8.26   2.157
   5.962   9.499   6.408    6.41   4.488   5.462   4.898   4.456    2.95   4.015   9.565   1.374    2.46    5.39   5.738   8.721   5.044    5.38   2.642   10.38   8.339   2.202
   5.804   9.283   6.458   6.438   4.452   5.557   4.832   4.447   2.958    4.09   9.519   1.426   2.516   5.358   5.602   8.691   4.912   5.355   2.631    10.3   8.396   2.241
   5.684   9.129   6.493   6.439   4.418   5.662   4.786   4.438   2.956    4.15     9.5   1.465   2.546   5.326    5.49   8.686   4.808   5.322   2.604   10.22   8.418   2.263
   5.615   9.048   6.507    6.41   4.392   5.761   4.761   4.429   2.946   4.192   9.512   1.487   2.547   5.299   5.406    8.71    4.74   5.276   2.563   10.16     8.4   2.262
   5.607   9.045   6.496   6.356   4.374   5.836   4.757    4.42   2.926   4.205   9.556   1.491   2.518    5.28    5.35   8.761   4.711   5.218    2.51   10.12   8.338   2.237
   5.657   9.113   6.463   6.276    4.37   5.876   4.772   4.415   2.898   4.185   9.627   1.474   2.465   5.271    5.32   8.833   4.721   5.147   2.449   10.11    8.24   2.188
   5.756   9.239   6.406   6.177   4.377   5.874   4.804   4.414   2.865   4.136   9.717    1.44   2.395   5.273   5.319    8.92    4.77   5.066   2.386   10.13   8.113   2.124
   5.889   9.405   6.336   6.066   4.395   5.828   4.853    4.42   2.827   4.055   9.812   1.394    2.32   5.288    5.34   9.008   4.851   4.977   2.327   10.19   7.975    2.05
   6.039   9.592   6.253   5.952   4.421    5.74   4.916   4.433   2.786   3.951   9.902    1.34    2.25   5.315   5.382   9.087   4.956   4.885   2.278   10.28   7.844    1.98
   6.187   9.778   6.169   5.839    4.45   5.619   4.992   4.455   2.746   3.828   9.979   1.287   2.197   5.351   5.438   9.146   5.078   4.793   2.242    10.4   7.739   1.924
   6.319   9.941   6.091   5.736   4.479   5.476   5.075   4.486   2.708   3.697   10.05   1.244   2.167   5.395   5.504   9.176   5.204   4.708   2.225   10.53   7.671   1.896
   6.421   10.07   6.026   5.651   4.505   5.323   5.164   4.526   2.673   3.569   10.08   1.218   2.167   5.443   5.573   9.171   5.325   4.631   2.226   10.66   7.651   1.905
   6.485   10.16   5.982   5.586   4.524   5.178   5.254   4.571   2.644   3.454   10.08   1.216   2.196   5.491   5.641   9.129   5.434    4.57   2.246   10.79   7.675   1.959
   6.505   10.19   5.962   5.544   4.534   5.056   5.341    4.62    2.62   3.362   10.04   1.239    2.25   5.536   5.702   9.053   5.523   4.529   2.282    10.9   7.738    2.06
   6.477   10.17   5.966   5.523   4.531   4.972    5.42   4.667   2.603   3.296   9.967   1.283   2.325   5.574   5.752   8.947   5.587   4.507    2.33      11   7.824   2.199
   6.407    10.1   5.996   5.524   4.516   4.936   5.486   4.709   2.591   3.262   9.876   1.343   2.412   5.602   5.788   8.822   5.624   4.508   2.387   11.06   7.918   2.363
   6.297   9.996   6.044   5.542   4.486   4.951   5.534   4.739   2.584   3.257   9.756    1.41   2.501   5.618   5.808    8.69   5.634   4.526   2.444   11.12   8.008   2.537
   6.157   9.873   6.108   5.573   4.444   5.021   5.562   4.757   2.582   3.276   9.642   1.477   2.583   5.621   5.811   8.566   5.621   4.558   2.499   11.14   8.078   2.703
   5.997   9.747   6.179   5.615    4.39    5.13   5.565   4.757   2.582   3.317   9.538   1.537   2.649   5.611   5.799   8.466   5.588   4.595   2.544   11.15   8.123   2.846
   5.832   9.639   6.251    5.66   4.326    5.27   5.544    4.74   2.582   3.374   9.452   1.584   2.691    5.59   5.774   8.399   5.545    4.63   2.577   11.16   8.134   2.951
   5.676   9.565   6.317   5.709   4.254    5.42     5.5   4.705   2.583   3.441   9.398   1.613     2.7   5.562   5.742   8.378   5.496   4.657   2.595   11.17   8.115   3.007
   5.541   9.538   6.375   5.756    4.18   5.567   5.435   4.653   2.583   3.514   9.385   1.621   2.673   5.533   5.705   8.408   5.451   4.671   2.595    11.2   8.067   3.011
   5.438   9.563   6.419   5.799   4.105   5.696   5.356   4.588   2.578   3.586   9.418   1.608    2.61   5.508    5.67   8.488   5.414   4.667   2.581   11.26   7.997   2.958
   5.372   9.636   6.449   5.834   4.034   5.795   5.269   4.514    2.57   3.653    9.49   1.575   2.515   5.493   5.644   8.611   5.392   4.648   2.556   11.36   7.915   2.854
   5.343    9.74   6.468   5.859   3.969    5.86   5.184   4.435   2.557   3.712   9.595   1.526   2.398   5.493   5.632   8.768   5.386   4.615   2.525   11.48   7.834   2.707
   5.346   9.862   6.478   5.873   3.911   5.889   5.109   4.355   2.538   3.761   9.712   1.467   2.274   5.507   5.636   8.943   5.396   4.574   2.494   11.64   7.766   2.533
   5.371   9.983    6.48   5.876    3.86   5.886   5.053   4.282   2.513   3.798   9.845   1.404   2.164   5.538    5.66   9.119    5.42    4.53   2.469   11.81   7.729   2.351
   5.407   10.07   6.481   5.866   3.817   5.861   5.026   4.219   2.481   3.827   9.959   1.349    2.09    5.58   5.704   9.279   5.453    4.49   2.458   11.98   7.735   2.184
   5.442   10.13   6.484   5.845   3.783   5.825   5.028   4.175   2.443   3.847   10.05    1.31   2.067   5.629   5.768    9.41   5.487   4.462   2.463   12.12    7.79   2.058
   5.466   10.14   6.491   5.816   3.756   5.793   5.063   4.153   2.398   3.864   10.11   1.294   2.104   5.679   5.849   9.498    5.52   4.449   2.486   12.23   7.898   1.992
   5.472    10.1   6.503    5.78   3.738   5.778   5.126   4.156    2.35   3.882   10.12   1.304   2.193   5.724   5.945   9.528   5.543   4.457   2.525   12.29   8.053   1.997
   5.457   9.997   6.522    5.74   3.731   5.793   5.211   4.188     2.3   3.902   10.08   1.335   2.317   5.757   6.047   9.503   5.555   4.486   2.574   12.29   8.241   2.062
    5.42   9.843   6.541   5.696   3.738   5.844   5.309   4.247   2.251   3.926   9.988   1.378   2.457   5.772   6.154   9.418   5.551   4.539   2.629   12.22   8.447   2.169
   5.365   9.651   6.559   5.651   3.758   5.932   5.409   4.327   2.207    3.95   9.865   1.429   2.595   5.766   6.257   9.279   5.533   4.613   2.683   12.09   8.651   2.301
   5.298   9.431   6.571   5.603   3.793   6.052   5.501   4.423   2.171   3.973   9.707   1.477   2.718   5.736    6.35   9.099   5.502     4.7   2.729   11.92   8.835   2.444
   5.227   9.198   6.572   5.553   3.842   6.194   5.577   4.525   2.145   3.991   9.528   1.517   2.817   5.683   6.428    8.89   5.463   4.795   2.764   11.72   8.981   2.584
    5.16   8.972   6.557   5.501   3.902   6.343   5.629   4.623   2.132       4    9.34   1.547   2.886   5.608   6.487   8.671   5.424   4.889   2.784   11.51   9.079   2.712
   5.105    8.77   6.526   5.447   3.967   6.486   5.654   4.706   2.134   3.999   9.156   1.563   2.923   5.515   6.522   8.463   5.389   4.974   2.788   11.32   9.122   2.821
   5.067   8.608   6.475   5.393   4.034    6.61   5.652   4.763    2.15   3.985   8.989   1.563   2.926   5.413   6.532   8.284   5.367   5.038   2.776   11.16   9.113   2.905
   5.047   8.501   6.407   5.341   4.093   6.706   5.625    4.79    2.18   3.957   8.857   1.549   2.897    5.31   6.516   8.149   5.361   5.078   2.748   11.06   9.053   2.957
   5.045   8.456   6.326   5.291   4.141    6.77   5.581   4.781   2.222   3.916   8.766   1.523   2.838   5.215   6.475   8.067   5.374   5.085   2.707   11.02   8.956   2.976
   5.056   8.473   6.238   5.248   4.171     6.8   5.525   4.735   2.274   3.866   8.722   1.487   2.753   5.137    6.41    8.04   5.405   5.062   2.654   11.05   8.837   2.961
   5.071   8.545    6.15   5.215    4.18   6.796   5.467   4.655    2.33   3.812   8.729   1.446   2.651   5.084   6.324   8.063   5.449   5.008   2.593   11.15   8.716   2.918
   5.084   8.662   6.071   5.193   4.165   6.766   5.415   4.545   2.389   3.755    8.78   1.403    2.54   5.062   6.222   8.124   5.503   4.926   2.528   11.31   8.605   2.853
   5.087   8.805   6.008   5.185   4.126   6.714   5.378   4.414   2.442   3.702   8.867   1.366   2.433    5.07   6.108   8.205   5.558   4.827   2.462    11.5   8.525    2.78
   5.074   8.958   5.966   5.192   4.067   6.653   5.358    4.27   2.489   3.659   8.982   1.341   2.345   5.104   5.987   8.293    5.61   4.716   2.398   11.72   8.483   2.716
   5.039   9.105   5.947   5.216    3.99   6.591   5.358   4.125   2.524   3.629    9.11    1.33   2.288   5.158   5.867   8.372   5.651   4.603    2.34   11.94   8.486   2.673
   4.984   9.233   5.949   5.255   3.901   6.539   5.377    3.99   2.546   3.616   9.242   1.335   2.271   5.223   5.753   8.432   5.679   4.496   2.288   12.13    8.53   2.667
    4.91   9.334   5.967   5.307   3.808   6.508   5.408   3.874   2.552    3.62   9.366   1.352   2.293   5.291   5.652   8.464    5.69   4.404   2.243   12.28   8.605   2.699
   4.819     9.4   5.998   5.371   3.717   6.506   5.446   3.788   2.542   3.638   9.472   1.376   2.347   5.352    5.57   8.465   5.684   4.332   2.205   12.38   8.699   2.763
   4.722   9.435   6.028   5.444    3.64   6.532   5.483   3.738   2.522   3.667   9.554   1.401   2.416   5.401   5.511   8.435   5.663   4.287   2.172   12.42   8.796   2.845
   4.626    9.44   6.051   5.521   3.583   6.589    5.51   3.729   2.494   3.704   9.607   1.418   2.485   5.434    5.48   8.378   5.629   4.269   2.143   12.41    8.88   2.929
   4.544   9.424   6.065   5.599   3.555   6.668   5.522   3.762   2.464   3.739   9.624   1.424   2.537   5.448   5.477   8.301   5.585    4.28   2.118   12.36   8.941       3
   4.483   9.395    6.06   5.672    3.56   6.761   5.515   3.835   2.439    3.77   9.611   1.417   2.561   5.446   5.505   8.215    5.54   4.321   2.094   12.26   8.968   3.047
   4.453   9.364   6.038   5.736   3.601   6.854   5.484    3.94   2.424   3.788   9.564   1.394    2.55   5.429   5.563    8.13   5.496   4.387   2.071   12.14    8.96    3.06
   4.459   9.338   5.999    5.79   3.677   6.935   5.431    4.07   2.424   3.794   9.492   1.357   2.498   5.403   5.647   8.055   5.461   4.475   2.052   12.02   8.914   3.038
   4.504   9.328   5.948    5.83   3.782   6.992   5.356   4.215   2.442   3.784   9.394   1.308   2.409   5.373   5.752   8.003   5.436   4.579   2.038   11.92   8.839   2.977
   4.584   9.336    5.89   5.855   3.907   7.019   5.266   4.363   2.479   3.756    9.28   1.254   2.285   5.346   5.872   7.979   5.425   4.691   2.031   11.85   8.745   2.881
   4.694   9.363   5.833   5.866   4.045   7.011   5.166   4.504   2.532   3.714   9.155   1.202   2.135   5.327   5.999   7.988   5.428   4.805   2.033   11.81   8.644   2.756
   4.823   9.406   5.787   5.862   4.185   6.969   5.068   4.629     2.6   3.661   9.022   1.158   1.971   5.321    6.12   8.031   5.441   4.913   2.047   11.82   8.555   2.607
   4.962   9.463   5.761   5.847   4.318   6.899    4.98   4.732   2.678   3.604   8.888   1.132   1.805   5.331   6.229   8.105   5.459   5.007   2.074   11.86    8.49   2.448
   5.102   9.526   5.761   5.821   4.437    6.81   4.916    4.81   2.759   3.548   8.763   1.129   1.654   5.358   6.313   8.203   5.479   5.081   2.115   11.93    8.46   2.291
    5.23    9.59   5.795   5.789   4.532   6.708   4.883   4.859   2.839   3.503   8.652   1.152   1.535   5.398   6.367   8.315   5.491   5.126   2.168   12.02   8.472   2.155
   5.339   9.648   5.861   5.754   4.602   6.606   4.888    4.88   2.909   3.474   8.557   1.198   1.464   5.448   6.382   8.434   5.493   5.139   2.234   12.11   8.523   2.062
   5.421   9.693   5.955   5.718   4.643   6.508   4.935   4.876   2.966   3.468   8.487   1.265    1.45   5.499   6.354   8.548    5.48   5.116   2.307   12.19   8.607   2.035
   5.471   9.723   6.069   5.681   4.654   6.422   5.018   4.851   3.003   3.485   8.445   1.346   1.492   5.542   6.285   8.648    5.45   5.054   2.382   12.26   8.709   2.085
   5.487   9.732   6.189   5.647   4.637   6.348   5.132   4.811   3.017   3.524   8.437   1.431   1.577   5.569   6.174    8.73   5.403   4.954    2.46    12.3   8.813   2.212
   5.469   9.721     6.3   5.616   4.596   6.287   5.267   4.762   3.004    3.58   8.464   1.516   1.689   5.574   6.029   8.787   5.342   4.819   2.531   12.33   8.907   2.394
   5.421    9.69   6.386   5.588   4.537   6.234    5.41   4.711   2.964   3.646    8.53   1.591   1.814    5.55   5.856   8.818   5.271   4.654   2.595   12.31   8.976   2.605
   5.349   9.643   6.436   5.563   4.469   6.185   5.551   4.661     2.9   3.716   8.631   1.654   1.941   5.497   5.667   8.825   5.196   4.466   2.647   12.28   9.013   2.818
   5.263   9.584    6.44   5.541   4.399   6.136   5.678   4.617   2.817   3.784   8.765   1.699   2.058   5.416   5.476   8.813   5.126   4.267   2.687   12.22    9.01   3.012
   5.175    9.52   6.395    5.52   4.335   6.083   5.784   4.583   2.723   3.842   8.921   1.726    2.16   5.313   5.297   8.788   5.068   4.071   2.713   12.15   8.965    3.17
   5.098   9.454   6.303   5.502   4.285   6.021   5.862   4.558   2.629   3.887   9.091   1.734    2.24   5.194   5.147   8.757   5.031   3.895   2.727   12.06   8.887    3.28
   5.046   9.393   6.169   5.485   4.253   5.949   5.911   4.542   2.543   3.915   9.263   1.728   2.295   5.069   5.042   8.728   5.022   3.757   2.729   11.96   8.779   3.335
   5.028   9.337   6.005   5.471   4.242   5.866   5.931   4.534   2.476   3.925   9.425   1.708   2.324   4.948   4.997   8.707   5.045   3.675   2.723   11.87   8.655   3.334
   5.044   9.285   5.825    5.46    4.25   5.776   5.925   4.531   2.435   3.916   9.565   1.685   2.328    4.84   5.018   8.697     5.1   3.663   2.711   11.78   8.529   3.278
   5.095   9.235   5.645   5.451   4.273   5.684   5.899   4.529   2.421    3.89   9.665   1.663   2.309   4.756   5.108   8.698   5.182   3.731   2.696    11.7   8.411   3.177
   5.172   9.184   5.481   5.445   4.303   5.597   5.861   4.528    2.43    3.85   9.726    1.65   2.274   4.702   5.258   8.707   5.282   3.876   2.681   11.62   8.318   3.043
    5.26   9.126    5.35   5.442   4.335   5.527   5.819   4.525   2.457     3.8   9.734   1.652   2.233   4.682   5.453   8.717    5.39   4.087   2.669   11.54   8.259   2.892
   5.349   9.057   5.265   5.442   4.361   5.485   5.781   4.518    2.49   3.746   9.696   1.671   2.198   4.697   5.678   8.722   5.495   4.346   2.663   11.48   8.242   2.746
   5.423   8.976   5.232   5.441   4.375   5.479   5.753   4.508   2.524   3.693   9.612   1.709   2.179   4.747   5.908   8.714   5.584   4.631   2.663    11.4   8.273   2.626
   5.475   8.883   5.256   5.439   4.375   5.517   5.739   4.496   2.547   3.648   9.491   1.758   2.186   4.826   6.122   8.689   5.648   4.918    2.67   11.33   8.345   2.554
   5.496   8.782   5.332   5.434   4.356   5.601    5.74   4.483   2.555   3.611   9.342   1.815   2.223   4.927   6.305   8.644   5.684   5.186   2.684   11.26    8.45    2.54
   5.485   8.679   5.452   5.421    4.32   5.724   5.753   4.469   2.547   3.587   9.179   1.872    2.29   5.043   6.441   8.578   5.687   5.415   2.703   11.19   8.577   2.584
    5.44   8.581   5.609   5.402   4.266   5.874   5.772   4.458    2.52   3.576   9.018   1.922   2.377   5.165   6.522   8.495   5.659   5.589   2.726   11.13   8.711   2.673
   5.367   8.497   5.787   5.373   4.198   6.035    5.79   4.449   2.477   3.578    8.87   1.959   2.475   5.284   6.541   8.401   5.606   5.696   2.751   11.07   8.836   2.787
    5.27   8.438   5.973   5.334   4.119    6.19   5.798   4.444    2.42   3.589   8.748   1.978    2.57   5.394   6.502   8.302   5.534    5.73   2.776   11.05   8.942   2.903
   5.161   8.412   6.154   5.287   4.034    6.32   5.791   4.442   2.356   3.606   8.664   1.974    2.65   5.488   6.406   8.207   5.454   5.689   2.797   11.04   9.018   3.005
   5.048   8.427   6.316   5.232   3.951   6.415   5.762   4.444   2.291   3.628   8.625   1.948   2.707   5.564   6.264   8.127   5.373   5.578   2.815   11.07   9.062   3.079
   4.945   8.487   6.454   5.172   3.874   6.467    5.71    4.45   2.232    3.65    8.63   1.901   2.734    5.62   6.086   8.068   5.304   5.405   2.825   11.13   9.073   3.115
   4.865   8.596   6.559   5.113   3.811   6.474   5.634   4.457   2.187   3.671   8.682   1.833   2.728   5.656   5.886   8.038   5.254   5.185   2.825   11.21   9.057    3.11
   4.818   8.753   6.632   5.062   3.767    6.44   5.538   4.466   2.163   3.688   8.773    1.75   2.687   5.679   5.681   8.041   5.228   4.939   2.818   11.31   9.021   3.062
   4.814    8.95   6.679   5.023   3.747   6.371   5.427   4.476   2.163   3.701   8.895   1.658   2.615    5.69   5.484   8.078   5.229   4.685   2.799   11.42   8.979   2.976
   4.855   9.181   6.705   5.006   3.754   6.279   5.309   4.486    2.19   3.712   9.037   1.566   2.516   5.696   5.315   8.148   5.259   4.449   2.769   11.53   8.934   2.855
    4.94   9.429   6.719   5.017   3.785   6.175   5.193   4.497   2.241   3.719    9.19   1.482   2.398     5.7   5.185   8.244   5.314   4.253   2.728   11.64   8.902   2.707
   5.059   9.682   6.728    5.06   3.839    6.07   5.088   4.509   2.312   3.723   9.339   1.412   2.268   5.706    5.11    8.36   5.388   4.114   2.676   11.72   8.881   2.542
   5.202   9.919   6.737   5.139   3.908   5.975   5.003   4.524   2.393   3.728   9.476   1.362   2.137   5.714   5.094   8.485   5.476   4.047   2.615   11.77   8.875   2.369
   5.354   10.13   6.749   5.251   3.986   5.899   4.944   4.541   2.477   3.732   9.595   1.332   2.016   5.722   5.142    8.61    5.57   4.051   2.546   11.79   8.882   2.194
     5.5   10.29   6.761   5.391   4.065   5.849   4.916   4.561   2.555   3.736   9.689    1.32   1.916   5.726   5.246    8.72    5.66   4.119   2.473   11.78   8.899   2.032
   5.626    10.4   6.766   5.551   4.136   5.828   4.919   4.586   2.621   3.742   9.749   1.319   1.845   5.721   5.395   8.807   5.742   4.234   2.401   11.73   8.914   1.893
   5.722   10.45   6.759   5.719   4.193   5.838   4.952   4.613   2.669   3.746   9.782   1.325   1.815   5.704   5.571   8.864   5.809   4.377   2.334   11.68   8.928   1.792
   5.779   10.42   6.734   5.884   4.231   5.875   5.009    4.64   2.697   3.747   9.788    1.33   1.827   5.669   5.757   8.885   5.857   4.527   2.278   11.61    8.93   1.737
    5.79   10.33   6.685   6.034   4.247   5.935   5.081   4.667   2.702   3.741   9.767    1.33   1.883   5.618   5.934   8.868   5.886   4.666   2.237   11.55    8.92   1.733
   5.756   10.19   6.608   6.162    4.24   6.009   5.162   4.689   2.685   3.729   9.724   1.323   1.977   5.549   6.085   8.815   5.894    4.78   2.218   11.51   8.892   1.777
   5.678    9.99   6.507   6.256    4.21    6.09   5.241   4.705    2.65   3.709    9.67   1.309     2.1   5.466   6.197   8.731   5.882   4.858   2.224    11.5   8.847   1.862
   5.562   9.761   6.384   6.314    4.16   6.167   5.311   4.713   2.599   3.681   9.613   1.288   2.242   5.374   6.262   8.622   5.852   4.894   2.255   11.53    8.79   1.977
   5.416   9.511   6.243   6.332   4.095   6.234   5.367    4.71   2.537   3.647    9.55   1.264   2.391   5.279   6.274   8.499   5.809   4.887    2.31   11.61   8.721   2.112
   5.255   9.261   6.097   6.312   4.019   6.285   5.403   4.694   2.473   3.612   9.486   1.242   2.538   5.185   6.231   8.371   5.754   4.839   2.386   11.73   8.648   2.252
   5.092   9.029   5.953   6.255    3.94   6.319   5.419   4.667   2.414   3.577   9.429   1.227   2.674     5.1   6.139   8.247   5.688   4.758   2.477   11.86    8.58   2.386
   4.944   8.828   5.823    6.17   3.867   6.339   5.415   4.627   2.369   3.547   9.377   1.224   2.789   5.028   6.004   8.139   5.613   4.654   2.576   11.99   8.524   2.503
   4.828   8.672   5.721   6.066   3.804   6.349   5.393   4.578   2.347   3.526    9.33   1.238   2.878   4.976   5.836   8.052   5.532   4.541   2.676   12.11   8.487   2.595
    4.76    8.57   5.659   5.952   3.759   6.356   5.358   4.521   2.356   3.518   9.288   1.269   2.934   4.944   5.646   7.994   5.447   4.433   2.767   12.19   8.473   2.659
   4.752   8.525   5.648   5.842   3.739   6.367   5.316   4.459   2.401   3.524   9.253   1.317   2.955   4.937   5.449   7.968   5.359   4.344   2.842   12.22   8.482   2.693
   4.811   8.536   5.693   5.746   3.745   6.388   5.272   4.396   2.481   3.547   9.223   1.377   2.938   4.952   5.259   7.975   5.271   4.283   2.894   12.18   8.508   2.698
   4.936   8.598   5.798   5.675    3.78   6.423   5.233   4.336   2.591   3.586   9.199   1.444   2.883    4.99   5.086   8.014   5.185   4.258   2.917   12.07   8.544   2.679
   5.118   8.703   5.954   5.636   3.841   6.472   5.203   4.283   2.723    3.64    9.18   1.509   2.794   5.048   4.942   8.084   5.104   4.267   2.906    11.9   8.577    2.64
   5.344    8.84    6.15   5.632   3.925   6.529   5.187   4.239   2.864   3.706   9.164   1.567   2.674   5.117   4.835   8.177   5.029   4.307   2.861   11.66   8.596   2.588
   5.596   8.997   6.366    5.66   4.024   6.591   5.184   4.205   3.004    3.78   9.157   1.612    2.53   5.195   4.768    8.29   4.964   4.371   2.783   11.36   8.588   2.531
   5.852   9.163   6.584   5.714    4.13   6.649   5.194   4.182    3.13   3.856   9.155   1.639    2.37   5.274   4.741   8.416   4.912   4.449   2.679   11.04   8.548   2.474
   6.096   9.326   6.783   5.783   4.232   6.694   5.216   4.167   3.233   3.928   9.158   1.646   2.204   5.349   4.756   8.545   4.875    4.53   2.555   10.68    8.47   2.422
   6.308   9.474   6.945   5.859   4.321   6.719   5.245   4.158   3.306   3.993   9.171   1.631   2.044   5.418   4.806   8.672   4.859   4.607   2.428   10.35   8.359   2.381
   6.473   9.598   7.061   5.931   4.387   6.718   5.278   4.149   3.345   4.043   9.188   1.595   1.903   5.478   4.886   8.789   4.867   4.669   2.313   10.04    8.22   2.352
   6.583    9.69   7.121   5.989   4.424   6.686    5.31   4.138   3.344   4.078   9.214   1.541   1.795   5.528   4.986   8.893   4.902   4.712   2.232   9.774   8.067   2.334
    6.63   9.747   7.125   6.027   4.427   6.624   5.338    4.12   3.307   4.094    9.24   1.474    1.73   5.567   5.102   8.976   4.965   4.734   2.197   9.572   7.913   2.329
   6.612   9.764   7.073   6.042   4.394   6.534   5.359    4.09   3.236   4.091   9.272   1.401   1.713   5.599   5.221    9.04   5.054   4.732   2.216    9.44   7.772   2.334
   6.532   9.744   6.976    6.03   4.326   6.425    5.37   4.049   3.138   4.071   9.305    1.33    1.74   5.621   5.336   9.082   5.162   4.712   2.286    9.38   7.662   2.348
   6.399   9.689   6.845   5.995    4.23   6.308   5.371   3.995   3.021   4.036   9.332   1.272   1.804   5.636   5.435   9.099   5.279   4.681   2.393   9.378   7.591   2.368
   6.224    9.61   6.696   5.939   4.112   6.199   5.362   3.932   2.896   3.991   9.359   1.235   1.893   5.645   5.517   9.099   5.395   4.646   2.521   9.434   7.569   2.394
   6.023   9.516   6.544   5.869   3.987   6.116   5.344   3.864   2.776   3.937   9.375   1.228   1.996   5.646   5.573   9.079   5.495    4.62    2.65   9.526   7.595   2.421
   5.814   9.418   6.403   5.792   3.863   6.072   5.317   3.796   2.675   3.881   9.382   1.251   2.105    5.64   5.602   9.045   5.572   4.613   2.768    9.64   7.667   2.447
   5.618   9.327   6.286   5.716   3.755    6.08   5.283   3.736   2.602   3.825   9.384   1.301   2.209   5.628   5.605   8.997   5.617   4.629   2.862   9.771   7.774   2.472
    5.45   9.257   6.199    5.65   3.673   6.139   5.244    3.69   2.563   3.771   9.378   1.368   2.303   5.608   5.586   8.942   5.626   4.672   2.925   9.903   7.906   2.492
   5.326   9.215   6.142   5.599   3.623   6.245     5.2   3.666   2.561   3.718   9.364   1.443   2.381    5.58   5.549   8.883   5.603   4.734   2.952   10.03   8.048   2.505
   5.254   9.205   6.113   5.568   3.607   6.385   5.154   3.668    2.59    3.67   9.346   1.516   2.437   5.543   5.498   8.826    5.55   4.808   2.942   10.16   8.187   2.511
   5.237   9.226   6.101   5.558   3.622   6.538   5.105     3.7   2.639   3.624   9.323   1.578    2.47   5.497   5.442   8.771   5.478   4.883   2.896   10.29   8.306    2.51
   5.267   9.274   6.099   5.564   3.662   6.685   5.056    3.76   2.698   3.579   9.303    1.62   2.478   5.442   5.385   8.727   5.397   4.944   2.816   10.42   8.396   2.501
   5.332    9.34   6.093   5.583   3.718   6.807   5.008   3.844   2.754   3.534   9.283   1.636   2.459   5.379   5.333   8.692   5.318   4.983   2.709   10.56   8.449   2.485
   5.417   9.415   6.077   5.608   3.782   6.889   4.963   3.946   2.799   3.489   9.262   1.621   2.416   5.313   5.291   8.672   5.254   4.993   2.578   10.72    8.46   2.466
   5.507   9.492   6.042   5.632   3.844   6.916   4.924   4.058   2.825   3.444   9.246   1.576   2.353   5.246   5.263   8.667   5.215    4.97   2.435    10.9   8.433   2.447
   5.587   9.561   5.987   5.647   3.895   6.886   4.896   4.169   2.828     3.4   9.233   1.499   2.275   5.186    5.25   8.676   5.207   4.916    2.29    11.1   8.374   2.434
   5.646    9.62   5.911   5.649   3.931   6.795   4.882   4.271   2.805   3.359   9.219   1.395    2.19   5.139   5.254   8.699   5.235   4.833   2.156   11.33   8.297   2.431
   5.675   9.666   5.821   5.637   3.948   6.649   4.886   4.355   2.758   3.323   9.212   1.272   2.107   5.109   5.275   8.736   5.299   4.729   2.051   11.55   8.218   2.442
   5.671   9.699   5.722   5.611   3.943   6.456   4.913   4.415    2.69   3.297   9.207   1.144   2.036   5.106   5.309   8.781   5.392   4.613   1.987   11.77   8.155    2.47
   5.631    9.72   5.626   5.573   3.917   6.231   4.961   4.448   2.604   3.285   9.205   1.032   1.991   5.131   5.353   8.829   5.508   4.495   1.981   11.97   8.121   2.516
    5.56   9.732   5.545   5.527   3.872    5.99    5.03   4.451   2.506   3.287   9.205  0.9719    1.98   5.187   5.404   8.877   5.635   4.387   2.038   12.13   8.126   2.575
   5.465   9.736   5.488   5.481   3.812   5.759   5.115   4.427   2.401   3.306   9.216  0.9816   2.009   5.272   5.455   8.919   5.761     4.3   2.152   12.24   8.175   2.644
   5.356   9.735   5.467   5.439   3.745   5.555   5.208   4.379   2.297   3.341   9.234   1.054   2.076   5.379   5.502   8.951   5.872   4.243   2.305   12.29   8.257   2.713
   5.245   9.735   5.484    5.41    3.68   5.406   5.302   4.315   2.201   3.391   9.265   1.165   2.172   5.501    5.54   8.967   5.955   4.224   2.478   12.28   8.364   2.775
    5.15   9.738    5.54   5.399   3.628   5.327   5.388   4.245   2.119   3.449   9.313   1.286   2.284   5.627   5.567   8.964   6.003   4.244    2.65   12.21   8.475   2.819
   5.081   9.751   5.628   5.407     3.6    5.33   5.458   4.179   2.058   3.509   9.377   1.402   2.397   5.748   5.579   8.942   6.009   4.302   2.805   12.09   8.571   2.839
   5.051   9.776   5.741   5.436   3.606   5.415   5.505   4.127   2.023   3.563   9.461   1.498   2.497   5.852   5.578     8.9    5.97   4.389   2.931   11.93   8.638   2.829
   5.066   9.818   5.864   5.484   3.649   5.569   5.526   4.102   2.018    3.61   9.558   1.569   2.574   5.929   5.565    8.84   5.888   4.493    3.02   11.75   8.659   2.783
   5.126   9.874   5.985   5.545   3.731   5.776    5.52    4.11   2.041   3.642   9.678   1.608   2.619   5.971   5.546   8.765   5.771   4.602   3.066   11.58    8.63   2.701
   5.225   9.941   6.093   5.617   3.846   6.013   5.485   4.156   2.092   3.656   9.804   1.617   2.628   5.974    5.52   8.682   5.629   4.702   3.066   11.43   8.546   2.586
    5.35   10.02   6.176   5.691   3.984   6.255   5.426   4.239   2.163    3.65   9.933   1.597     2.6   5.935   5.494   8.595   5.475   4.781   3.027   11.32    8.41   2.443
    5.49    10.1   6.229    5.76   4.134   6.483   5.346   4.354   2.248   3.627   10.06   1.551   2.539   5.858    5.47   8.513   5.324   4.829    2.95   11.25   8.234   2.281
   5.628   10.16   6.246   5.819   4.281   6.676   5.254   4.494   2.339   3.586   10.18   1.484   2.451   5.746   5.449   8.442   5.187   4.841   2.849   11.25   8.029   2.113
   5.755    10.2   6.231   5.863   4.415   6.822   5.156   4.645    2.43   3.531   10.28   1.402   2.346   5.607   5.435   8.387   5.076   4.815   2.735   11.31   7.816   1.951
   5.859   10.21   6.186    5.89   4.525   6.911   5.064   4.801   2.513   3.469   10.34    1.31   2.236    5.45   5.423   8.355   4.995   4.754   2.621   11.42   7.613    1.81
   5.933    10.2   6.117   5.898   4.604   6.936   4.987   4.947   2.584   3.402   10.37   1.213   2.131   5.285   5.415   8.351   4.947   4.663   2.522   11.58   7.441     1.7
   5.971   10.15   6.035    5.89   4.649     6.9   4.935   5.076    2.64    3.34   10.36    1.12   2.043   5.123   5.407   8.374   4.929   4.549   2.451   11.75   7.316   1.632
   5.973   10.07   5.948   5.868   4.658   6.807   4.919    5.18   2.679    3.29   10.32   1.036   1.977   4.974   5.396   8.426   4.936   4.421   2.414   11.93   7.253   1.602
   5.938   9.946   5.868   5.838   4.634    6.67   4.942   5.254   2.699   3.258   10.24  0.9746   1.936   4.844   5.381   8.504   4.959    4.29   2.414   12.11   7.255   1.607
   5.872   9.814   5.802   5.808   4.581   6.502   5.009   5.295   2.702   3.254   10.12  0.9478   1.917   4.741    5.36   8.603   4.991   4.167   2.443   12.24   7.319   1.639
   5.779   9.664   5.757   5.783   4.508   6.324   5.114   5.302   2.689   3.277   9.999  0.9672   1.918   4.665   5.331   8.719   5.026   4.059   2.492   12.34   7.433   1.689
   5.669   9.508   5.735    5.77   4.423   6.155   5.248   5.279   2.664   3.329   9.846   1.033   1.934   4.617   5.295   8.842   5.054   3.977   2.548   12.39   7.581   1.752
   5.551   9.358   5.731   5.772   4.337   6.016   5.402    5.23   2.629   3.405   9.697    1.13    1.96   4.594   5.253   8.967   5.073   3.923   2.599   12.39   7.744   1.827
   5.436   9.226   5.745   5.792    4.26   5.916   5.559    5.16   2.589   3.497   9.555   1.241   1.995   4.595   5.208   9.084   5.079   3.901   2.635   12.36   7.905   1.912
   5.331   9.117   5.766   5.829   4.197   5.865   5.705   5.078   2.548   3.595   9.436   1.351   2.036   4.616   5.166   9.191   5.073    3.91   2.653   12.29   8.047   2.005
   5.244   9.045    5.79   5.877   4.154   5.857   5.829    4.99   2.509   3.689   9.343   1.448   2.081   4.652   5.132   9.281   5.058   3.946   2.648   12.21   8.158   2.101
   5.175   9.016   5.809   5.935   4.131    5.88   5.917   4.903   2.475   3.772   9.293   1.521   2.128   4.704   5.112   9.354   5.041   4.006   2.618   12.13   8.231   2.198
   5.125   9.038   5.821   5.997   4.124   5.917   5.964    4.82   2.451   3.832   9.289   1.566   2.174   4.769   5.116   9.411   5.033   4.081   2.569   12.04    8.26   2.287
   5.092    9.11   5.826   6.056   4.128   5.947   5.964   4.746   2.436   3.868   9.332   1.579   2.218   4.848   5.147   9.456   5.045   4.167   2.502   11.98   8.248   2.364
   5.072   9.236   5.827   6.107   4.135   5.955   5.917   4.679   2.435   3.876   9.424   1.559   2.257   4.942   5.209   9.491   5.085   4.256   2.425   11.93   8.199   2.425
    5.06    9.41    5.83   6.149    4.14   5.928   5.827   4.619   2.448   3.859   9.558   1.506   2.292   5.051   5.301   9.525    5.16   4.347   2.342   11.88   8.121   2.471
   5.055   9.623   5.842   6.179   4.137   5.862     5.7   4.565   2.473   3.819   9.722   1.425   2.323   5.177   5.419   9.561   5.268   4.435   2.261   11.83   8.026   2.506
   5.051   9.864   5.873   6.196   4.121   5.759   5.547   4.516   2.511   3.759   9.908   1.322   2.352    5.32   5.554   9.603   5.405   4.518   2.189   11.76   7.928   2.533
   5.052   10.12   5.929   6.202   4.091   5.623   5.381   4.468   2.559   3.686    10.1   1.207    2.38   5.476   5.697   9.653   5.557   4.598   2.129   11.67   7.839   2.556
   5.054   10.39   6.016   6.199   4.047   5.468   5.215   4.423   2.615    3.61   10.29   1.091   2.409   5.644    5.84   9.708   5.712   4.674   2.087   11.56   7.774   2.581
    5.06   10.63   6.135   6.192    3.99   5.305   5.063    4.38   2.677   3.536   10.46   0.988   2.439   5.814   5.972   9.773   5.857   4.747   2.064   11.42   7.741   2.607
   5.071   10.84   6.278   6.184   3.924    5.15   4.939    4.34   2.739   3.471   10.59  0.9151   2.467   5.981   6.087   9.835   5.978   4.815   2.058   11.26   7.745   2.633
   5.086   11.02   6.435   6.178   3.854   5.012   4.853   4.304   2.799   3.422   10.69  0.8855   2.488   6.134   6.182   9.893   6.072   4.877   2.067   11.08   7.786   2.653
   5.108   11.14   6.594   6.176   3.788   4.903   4.809   4.276   2.853   3.392   10.73  0.9045     2.5   6.262   6.254   9.938    6.13   4.931   2.086    10.9    7.86   2.661
   5.136   11.19   6.737    6.18   3.733    4.83   4.809    4.26   2.894   3.385   10.72  0.9637   2.497   6.359   6.305   9.961   6.153   4.973   2.109   10.72   7.959   2.653
    5.17   11.17   6.847   6.185   3.697   4.802    4.85   4.256   2.922   3.398   10.65   1.045   2.477   6.415   6.337   9.961   6.144   5.001   2.131   10.57   8.071   2.625
   5.211   11.08   6.912   6.189   3.687   4.824   4.924   4.268   2.934   3.427   10.54   1.133   2.439   6.426   6.353   9.931   6.106   5.015   2.149   10.47   8.186   2.578
   5.255   10.93   6.921   6.185   3.707   4.903    5.02   4.296   2.927   3.469   10.36   1.216   2.386   6.391    6.36    9.87   6.046    5.01   2.159   10.43   8.294   2.514
   5.301   10.71    6.87   6.167   3.756   5.039   5.129   4.341   2.902   3.514   10.15   1.291   2.321   6.311   6.358   9.779    5.97   4.988   2.163   10.46   8.386   2.437
   5.345   10.44   6.756    6.13   3.829   5.223   5.239   4.397    2.86   3.556   9.907   1.353    2.25   6.192   6.354   9.657   5.888   4.951    2.16   10.59   8.462   2.357
   5.383   10.13   6.586   6.072   3.916   5.441   5.342    4.46   2.801   3.591   9.648   1.399    2.18   6.041    6.35    9.51   5.807   4.898   2.154    10.8   8.514   2.281
   5.411   9.792    6.37   5.991   4.006   5.674    5.43   4.523   2.729   3.612   9.372    1.43   2.119   5.869   6.347   9.342   5.734   4.831    2.15   11.08   8.548   2.218
   5.424   9.452   6.124   5.889   4.088     5.9   5.497    4.58   2.648    3.62   9.106   1.445   2.074   5.687   6.345    9.16   5.677   4.756   2.152    11.4   8.562   2.175
   5.425   9.124   5.864    5.77   4.152   6.102   5.541   4.622   2.563   3.611   8.863   1.444   2.051   5.509   6.343   8.975    5.64   4.675   2.164   11.74   8.563   2.158
   5.417   8.828   5.614   5.642   4.194   6.263   5.561   4.645   2.477   3.587   8.651    1.43   2.055   5.349   6.339   8.798   5.621   4.592   2.189   12.07   8.552   2.171
   5.403   8.583   5.397   5.513   4.206   6.377   5.558   4.646   2.397   3.554   8.488   1.406   2.085   5.218   6.328   8.639   5.622   4.512   2.229   12.34   8.532   2.216
   5.392   8.405   5.237   5.396   4.191   6.432   5.536   4.622   2.327   3.514    8.38   1.376   2.141   5.126   6.306   8.511   5.635    4.44    2.28   12.54   8.509   2.289
   5.391   8.308   5.152   5.302    4.15    6.43   5.502   4.577   2.273   3.472   8.334   1.344   2.216    5.08    6.27   8.425   5.652    4.38    2.34   12.65   8.482   2.387
   5.408     8.3   5.155   5.241    4.09   6.375   5.461   4.514   2.238   3.435   8.352   1.315   2.301   5.082   6.216   8.387   5.668   4.335   2.404   12.65   8.454   2.502
   5.448    8.38   5.248   5.221   4.017   6.274   5.419   4.438   2.224   3.407    8.43   1.291   2.386   5.128   6.143   8.401   5.673   4.308   2.461   12.57   8.422   2.623
   5.514    8.54   5.421   5.244   3.941   6.135   5.384   4.357   2.233   3.391   8.561   1.274   2.462    5.21   6.049   8.465   5.664   4.298   2.511   12.39   8.393   2.739
   5.606   8.764   5.657   5.307   3.873    5.97   5.361   4.282   2.262   3.389   8.733   1.266   2.519   5.317   5.941   8.567   5.637   4.301   2.544   12.15   8.365   2.838
   5.723    9.03   5.931   5.406   3.822   5.791   5.353   4.221   2.309   3.401   8.934   1.262   2.549   5.437   5.822   8.699   5.592   4.315    2.56   11.85   8.338   2.908
   5.856   9.316   6.217   5.528   3.799    5.61   5.362   4.185   2.368   3.427   9.144   1.262   2.547   5.557     5.7   8.845   5.534   4.333   2.559   11.55   8.319   2.943
   5.999   9.597    6.49    5.66    3.81   5.436   5.388   4.181   2.434   3.462   9.352   1.262   2.511   5.665   5.584   8.989    5.47   4.353    2.54   11.27   8.307   2.935
   6.141   9.853    6.73   5.788   3.861   5.279   5.428   4.214   2.503   3.505   9.543    1.26   2.443   5.753   5.482   9.117   5.405    4.37   2.507   11.03    8.31   2.886
   6.274   10.06   6.919   5.899   3.948   5.149    5.48   4.284   2.569   3.551   9.704   1.255   2.349   5.814   5.403   9.218   5.348   4.383   2.464   10.86    8.33   2.797
   6.388   10.22   7.044   5.983   4.068   5.051   5.539   4.388   2.628   3.599   9.823   1.246   2.238   5.846   5.354   9.281   5.308   4.394   2.419   10.76   8.367   2.678
   6.473   10.31   7.101    6.03    4.21   4.991   5.599   4.516   2.678   3.645   9.892   1.235   2.119   5.847   5.338     9.3   5.291   4.403   2.376   10.74   8.422   2.538
   6.522   10.32   7.089   6.037   4.364   4.972   5.655   4.657   2.716   3.687   9.911   1.224   2.004   5.822    5.36   9.274   5.299   4.414    2.34   10.79   8.491   2.391
    6.53   10.27   7.016   6.001   4.514       5     5.7     4.8   2.743   3.722   9.881   1.214   1.905   5.774   5.415   9.204   5.335   4.431   2.317   10.89   8.566   2.252
   6.496   10.16   6.895   5.926    4.65   5.072   5.732    4.93   2.758    3.75   9.811   1.207   1.828   5.711   5.499   9.093   5.394   4.458    2.31   11.02    8.64   2.134
   6.418   10.01   6.741   5.818   4.762   5.187   5.746   5.036   2.764    3.77   9.713   1.205   1.777   5.638   5.606   8.954    5.47   4.498   2.318   11.17   8.701   2.048
   6.304    9.82   6.574   5.688   4.841   5.339    5.74    5.11   2.761    3.78   9.592    1.21   1.752   5.563   5.725   8.793   5.556   4.553    2.34    11.3   8.739   1.999
    6.16   9.622   6.416   5.547   4.883    5.52   5.716   5.146   2.754   3.782   9.459   1.223   1.752   5.492   5.848   8.627   5.641   4.622   2.373   11.42   8.746   1.989
   5.998   9.431   6.279   5.409   4.887    5.72   5.674   5.141   2.744   3.777   9.328   1.241   1.772   5.427   5.962   8.471   5.717   4.702    2.41    11.5   8.713   2.012
    5.83   9.262   6.173    5.29   4.855   5.928   5.617   5.098   2.735   3.765   9.217   1.264   1.808   5.368   6.061   8.338   5.773   4.792   2.444   11.54   8.638   2.064
   5.669    9.13   6.105   5.202   4.793   6.134    5.55   5.022   2.726   3.747    9.13    1.29   1.858   5.315   6.136   8.242   5.802   4.882   2.472   11.54   8.521   2.135
   5.527    9.04    6.07   5.156   4.709   6.323   5.477   4.919   2.722   3.726   9.077   1.316   1.918   5.267   6.182   8.194   5.799   4.968   2.488   11.51   8.362    2.22
   5.411   8.996   6.058   5.155   4.612   6.487   5.403   4.801   2.718   3.704   9.055   1.338   1.979   5.219   6.196   8.199   5.765   5.042   2.492   11.46   8.174   2.308
   5.326   8.994   6.059     5.2   4.511   6.615   5.331   4.678   2.715   3.683   9.062   1.354   2.038   5.169   6.182   8.256   5.702   5.097   2.482   11.42   7.965   2.391
   5.272   9.026   6.065   5.284   4.416   6.701   5.268   4.564   2.712   3.664   9.096   1.362   2.086   5.115   6.141   8.362   5.618   5.131   2.461    11.4   7.755   2.461
   5.242   9.082   6.063   5.397   4.336    6.74   5.214    4.47   2.706    3.65    9.15    1.36   2.117   5.059   6.084   8.507   5.521   5.137   2.433   11.42   7.563   2.512
   5.233   9.151   6.053   5.528   4.277   6.733   5.174   4.406   2.694   3.641   9.211    1.35   2.127   5.002   6.015   8.681   5.423   5.118   2.401   11.49   7.413   2.541
   5.236   9.223   6.028   5.662    4.24   6.681   5.147   4.378   2.675    3.64   9.272   1.332   2.116   4.947   5.944   8.869   5.336   5.073   2.372   11.61   7.324   2.547
   5.246   9.289   5.994    5.79    4.23    6.59   5.133   4.391   2.648   3.647   9.328   1.309   2.087   4.899   5.877   9.058   5.268   5.007   2.348   11.77   7.317   2.533
   5.256   9.343   5.951   5.901   4.243   6.471   5.133   4.443   2.612   3.662   9.374   1.285   2.045   4.862   5.819   9.239   5.225   4.924   2.335   11.96   7.398   2.504
   5.263   9.384   5.908   5.989   4.276   6.334   5.143   4.527   2.569   3.686   9.402   1.265   1.999   4.841   5.771   9.399    5.21   4.832   2.334   12.16   7.564   2.468
   5.264   9.413   5.872   6.049   4.322    6.19   5.161   4.635   2.521   3.717   9.418   1.252    1.96   4.839   5.733   9.534    5.22   4.737   2.346   12.34   7.797   2.432
    5.26   9.433    5.85   6.081   4.378   6.053   5.184   4.758   2.468   3.755   9.418   1.248   1.935   4.858   5.705   9.638    5.25   4.646   2.371   12.51   8.076     2.4
   5.251   9.451   5.852   6.084   4.433   5.933   5.209   4.883   2.417   3.798   9.409   1.256   1.928     4.9   5.681   9.714   5.294   4.564   2.406   12.61   8.368   2.376
   5.242   9.476   5.879   6.066   4.486   5.838   5.234       5    2.37   3.841   9.402   1.272   1.937   4.962   5.661   9.759   5.344   4.495   2.446   12.66   8.642   2.357
   5.236   9.517   5.936   6.032    4.53   5.774   5.256   5.098   2.332   3.882   9.396   1.296   1.955   5.039   5.642   9.781   5.396   4.443    2.49   12.66   8.868   2.338
   5.241   9.582   6.019   5.991   4.566   5.745   5.276    5.17   2.308   3.918   9.405   1.324   1.976   5.125   5.623    9.78   5.442   4.406   2.532    12.6   9.028   2.316
   5.265   9.674    6.12   5.954   4.594   5.748   5.294   5.213     2.3   3.946   9.434   1.351    1.99   5.212   5.603    9.77   5.479   4.385    2.57   12.49   9.101   2.284
   5.314   9.793    6.23   5.928   4.615   5.781   5.311   5.225   2.311   3.966   9.481   1.377   1.994    5.29   5.585   9.749   5.503   4.377   2.601   12.37   9.081   2.242
   5.396   9.936   6.335   5.921   4.634   5.839   5.328    5.21   2.343   3.975   9.543   1.395   1.984   5.352   5.567   9.727   5.512    4.38   2.621   12.23   8.972   2.187
   5.509   10.09   6.422   5.936   4.656   5.912   5.347   5.172   2.396    3.97   9.621   1.407   1.962   5.389    5.55   9.708   5.504   4.391   2.632   12.11   8.784   2.123
   5.652   10.25    6.48   5.974   4.685   5.994   5.372   5.118   2.467   3.956    9.71   1.409   1.931   5.397   5.535   9.688   5.478   4.408   2.633   12.03   8.531   2.054
   5.816   10.39   6.502   6.028   4.721   6.074   5.401   5.059   2.554   3.932   9.792   1.403   1.896   5.375   5.527   9.671   5.439    4.43   2.626      12   8.242   1.984
   5.988   10.51   6.481   6.093   4.767   6.143   5.436   5.001    2.65   3.901   9.865   1.388   1.866   5.326   5.525   9.652    5.39   4.455   2.615   12.01   7.945   1.918
   6.155   10.59   6.418    6.16   4.817   6.195   5.474   4.949   2.751   3.864   9.916   1.366   1.845   5.257   5.535   9.624   5.337   4.485     2.6   12.09   7.668   1.863
   6.304   10.62    6.32   6.219   4.871   6.225   5.513   4.907   2.852   3.828   9.948   1.339    1.84   5.177   5.558   9.586   5.288   4.519   2.588   12.19   7.441   1.824
    6.42    10.6   6.194    6.26    4.92    6.23    5.55   4.874   2.946   3.792    9.95   1.307   1.855   5.101   5.598   9.531   5.252   4.558   2.575   12.32   7.282   1.806
   6.495   10.52   6.054   6.278   4.957   6.214   5.582   4.849   3.027    3.76    9.93   1.276    1.89   5.039   5.654   9.455   5.237   4.604   2.561   12.43   7.202   1.818
    6.52   10.38   5.917   6.269   4.977   6.178   5.604   4.827   3.091   3.733   9.883   1.245   1.944   5.005   5.728   9.353   5.244   4.657   2.545   12.51   7.199   1.863
   6.496   10.21   5.798    6.23   4.975   6.132   5.615   4.805   3.133   3.709    9.81   1.217   2.015   5.006   5.811   9.226   5.275   4.715   2.524   12.53   7.261   1.944
    6.42   9.994   5.712   6.163   4.946   6.082   5.612   4.778   3.152   3.688   9.734   1.193   2.098   5.044   5.901   9.077   5.325   4.775   2.493   12.49   7.371   2.059
   6.298   9.768   5.667   6.072   4.889   6.036   5.598   4.745   3.145   3.667   9.656   1.174   2.188   5.114   5.988    8.91   5.388   4.837   2.452   12.37   7.508   2.201
   6.138   9.546   5.668   5.963   4.803   6.003   5.572   4.704   3.114   3.643   9.585    1.16   2.279   5.209   6.066   8.733   5.456   4.894     2.4   12.18   7.654   2.359
   5.948   9.341   5.712   5.842   4.691   5.987    5.54   4.656    3.06   3.617   9.539   1.152   2.366   5.318   6.128   8.555   5.521   4.943   2.339   11.93   7.789    2.52
   5.741    9.17   5.794    5.72   4.557   5.991   5.505   4.601   2.985   3.585   9.518    1.15   2.444   5.429    6.17   8.388   5.575    4.98    2.27   11.64   7.902   2.673
    5.53   9.042   5.901   5.605   4.405   6.019   5.473   4.541   2.893   3.549   9.527   1.151   2.509   5.531   6.191   8.242   5.616   5.003     2.2   11.32    7.98   2.803
   5.326    8.96   6.021   5.502   4.244   6.066    5.45   4.476    2.79   3.509   9.558   1.157   2.556   5.614   6.191   8.129   5.641   5.009   2.132   11.03   8.018   2.903
   5.143   8.922    6.14    5.42   4.083   6.132   5.442    4.41    2.68   3.468    9.61   1.167   2.586   5.672   6.173   8.054    5.65   4.999   2.074   10.78   8.014   2.966
    4.99    8.92   6.248   5.363    3.93   6.211   5.452   4.346   2.571    3.43   9.666   1.183   2.597   5.699   6.145   8.026   5.648   4.975   2.033   10.62   7.972   2.987
   4.876   8.942   6.336   5.333   3.796   6.297   5.484   4.286   2.465   3.396   9.717   1.205   2.593   5.695   6.112   8.045   5.639   4.942   2.015   10.55     7.9   2.969
   4.806   8.978   6.398   5.329    3.69   6.386   5.538   4.237    2.37   3.374    9.75   1.232   2.576   5.659   6.082   8.109   5.626   4.902   2.023    10.6    7.81   2.914
   4.778   9.017   6.435   5.347   3.619   6.468   5.614   4.202   2.289   3.367    9.76   1.264   2.551   5.595   6.063   8.218   5.613   4.863   2.061   10.74   7.722    2.83
   4.788   9.051   6.444   5.385   3.585   6.537   5.705   4.186   2.227   3.381   9.736   1.303   2.521   5.508   6.059    8.36   5.606   4.829   2.129   10.95   7.652   2.725
   4.827   9.075   6.433   5.439   3.587   6.589   5.806    4.19   2.185   3.416   9.676   1.344   2.491   5.406   6.073    8.53   5.608   4.805    2.22   11.21   7.623   2.608
   4.886   9.088   6.407   5.502   3.619   6.619   5.909   4.214   2.163   3.475   9.584   1.387   2.464   5.301   6.106   8.716   5.618   4.794   2.329   11.49   7.647    2.49
   4.952   9.088   6.375   5.568   3.673   6.624   6.005   4.254   2.161   3.555   9.466   1.429   2.443   5.203   6.156   8.906   5.636   4.796   2.444   11.75    7.73    2.38
   5.018    9.08   6.345   5.633    3.74   6.603   6.083   4.305   2.178   3.653    9.33   1.465   2.429   5.125   6.216   9.088   5.661   4.809   2.555   11.96   7.871   2.283
   5.077   9.068   6.325   5.696    3.81   6.559   6.138    4.36    2.21    3.76   9.191   1.492   2.419   5.079   6.281   9.255   5.689    4.83   2.652    12.1   8.059   2.205
   5.124   9.058    6.32   5.753   3.876   6.493   6.164   4.413   2.255   3.868   9.061   1.507   2.413   5.073   6.343   9.395   5.718   4.853   2.723   12.16   8.277   2.148
   5.156   9.058   6.334   5.801   3.931   6.414   6.158   4.458   2.308   3.967   8.956   1.508   2.406   5.107   6.395   9.504   5.742   4.876   2.761   12.15   8.505    2.11
   5.173   9.072   6.365    5.84    3.97   6.324   6.121   4.493   2.367   4.048   8.893   1.494   2.395   5.176    6.43   9.577   5.756   4.891    2.76   12.05   8.723   2.088
   5.176   9.105    6.41   5.869   3.994   6.234   6.056   4.515   2.426   4.104   8.874   1.463   2.374   5.267   6.442   9.613   5.755   4.897   2.717    11.9   8.916   2.079
   5.166   9.157    6.46   5.889   4.001    6.15   5.969   4.527   2.481   4.131   8.906   1.419   2.341   5.367    6.43   9.613   5.737   4.891   2.634    11.7   9.071   2.079
   5.147   9.225    6.51   5.899   3.994   6.084   5.869   4.531    2.53   4.125   8.984   1.366   2.294   5.459   6.391   9.576   5.699   4.873   2.516   11.49   9.184   2.083
    5.12   9.303   6.548   5.899   3.979   6.039   5.766   4.531    2.57   4.085     9.1   1.307   2.234   5.529   6.325   9.508   5.641   4.843   2.372   11.28   9.253   2.089
   5.091    9.38   6.568   5.888    3.96   6.022   5.668   4.532   2.597   4.017   9.235    1.25   2.162   5.566   6.236   9.411   5.565   4.806   2.215   11.12   9.282   2.094
   5.062   9.449   6.567   5.866   3.943   6.035   5.583   4.539   2.614   3.925    9.38   1.202   2.085   5.565   6.131   9.292   5.475   4.767   2.061   11.02   9.276   2.097
   5.035   9.498   6.543   5.833   3.935   6.078   5.517   4.557   2.619   3.818   9.509   1.167   2.011   5.524   6.016   9.156   5.376   4.732   1.927      11   9.254     2.1
   5.014   9.524   6.498   5.789   3.941   6.147   5.472   4.586   2.616   3.707    9.62   1.149   1.949   5.446   5.902   9.013   5.276    4.71   1.828   11.06   9.213   2.103
   5.002   9.523   6.435   5.737   3.965   6.237   5.447    4.63   2.609     3.6   9.685   1.152   1.906   5.342   5.796   8.871   5.182   4.707   1.776   11.18   9.164    2.11
   5.002   9.494   6.364   5.675   4.011   6.341   5.437   4.686     2.6    3.51    9.71   1.176   1.886   5.223   5.709   8.738   5.104   4.731   1.775   11.34   9.115   2.122
   5.015   9.444   6.295   5.608   4.078    6.45   5.436   4.751   2.596   3.444    9.69   1.216    1.89   5.104   5.648   8.624   5.045   4.786    1.82   11.52   9.062   2.141
   5.047   9.383   6.235   5.537   4.165   6.558   5.435    4.82   2.599    3.41   9.627   1.269   1.915   5.001   5.618   8.538   5.013   4.869   1.901   11.68       9   2.167
   5.096   9.322   6.191   5.467   4.267   6.657   5.425   4.887   2.613   3.408   9.535   1.327   1.953    4.93   5.621    8.49   5.011   4.977   2.003   11.81   8.924   2.198
   5.164   9.275   6.168   5.402   4.377   6.736   5.399   4.943    2.64   3.433   9.418   1.382   1.997   4.904   5.654   8.485   5.038   5.099   2.116   11.88   8.823   2.234
   5.251   9.261   6.167   5.347   4.489   6.789   5.351   4.981    2.68   3.482   9.293   1.428    2.04    4.93    5.71    8.53   5.092   5.222    2.23   11.88   8.687    2.27
   5.353    9.29   6.184   5.306   4.596    6.81   5.275   4.996   2.734   3.544    9.18   1.455   2.077   5.008   5.783   8.626   5.169   5.331   2.336   11.81   8.507   2.302
    5.47   9.372   6.211   5.284   4.689   6.793   5.173   4.982   2.797   3.612   9.095   1.458   2.104   5.132    5.86   8.774   5.263   5.409    2.43   11.68   8.278   2.327
   5.599   9.513   6.245   5.285   4.764   6.738   5.046   4.937    2.87   3.676   9.053   1.434   2.118   5.291   5.932   8.968   5.366   5.447   2.506   11.52   8.002   2.342
   5.734   9.707   6.277   5.309   4.816   6.644   4.902   4.863    2.95   3.728   9.056   1.383   2.118    5.47    5.99   9.199   5.472   5.436   2.562   11.34   7.684   2.343
   5.871   9.945   6.301   5.355    4.84    6.52   4.753   4.761    3.03   3.762   9.112   1.309   2.106   5.656   6.029   9.458   5.572   5.371   2.598   11.18    7.34   2.331
   6.003   10.21   6.313   5.424   4.838    6.37   4.612   4.639   3.108   3.775   9.213   1.226   2.084   5.832   6.044    9.73   5.662   5.254   2.615   11.06   6.987   2.306
   6.126   10.49   6.313   5.512    4.81   6.207   4.496   4.503   3.179   3.765   9.349   1.149   2.055   5.987   6.033   9.996   5.736   5.092   2.616      11   6.649   2.268
   6.235   10.75   6.302   5.613   4.757   6.044   4.417   4.365   3.238   3.736   9.503   1.102   2.023    6.11   5.999   10.25   5.791   4.894    2.61   11.02   6.351   2.223
   6.327   10.98   6.288   5.721   4.685   5.892   4.388   4.235    3.28    3.69   9.661     1.1   1.992   6.197   5.946   10.45   5.824   4.679   2.603   11.12   6.119   2.175
   6.397   11.16   6.277   5.833   4.599   5.768   4.412   4.121   3.302   3.637   9.804   1.143   1.967   6.242   5.882   10.61   5.838   4.463   2.604   11.28   5.973   2.129
   6.444   11.27    6.28   5.942   4.506   5.678   4.486   4.034   3.303   3.585   9.914   1.222   1.953    6.25   5.811   10.72   5.832   4.264   2.616   11.48   5.923   2.089
   6.469   11.32   6.306   6.041   4.414    5.63   4.603   3.976   3.283   3.545   9.983   1.317    1.95   6.223   5.745   10.75   5.812   4.102    2.64   11.71   5.966   2.059
   6.475   11.27   6.365   6.127   4.331   5.626   4.747   3.952   3.246   3.525   9.994   1.415   1.961    6.17   5.689   10.71   5.777   3.987   2.677   11.91   6.095   2.041
   6.464   11.17   6.461   6.198   4.264   5.662   4.904    3.96   3.198   3.531   9.954   1.505   1.982   6.101   5.649   10.61   5.737   3.927   2.716   12.07   6.287   2.033
   6.443   10.99   6.592   6.249    4.22   5.734   5.062   3.997   3.147   3.566   9.869    1.58   2.011   6.027   5.627   10.46   5.694   3.924   2.753   12.16   6.521   2.033
   6.419   10.78   6.755   6.282     4.2   5.831   5.205   4.057   3.101   3.627   9.739   1.636   2.042   5.962   5.627   10.26   5.653   3.973   2.778   12.17   6.776   2.039
   6.396   10.54   6.937   6.297   4.208   5.943   5.325   4.134   3.068   3.709   9.576   1.674   2.072   5.913   5.646   10.02   5.619   4.065   2.785   12.07   7.032   2.047
    6.38   10.31    7.12   6.296   4.238   6.062   5.411    4.22    3.05   3.805   9.404   1.693   2.098   5.891   5.681   9.784   5.595   4.188    2.77   11.89   7.269   2.059
   6.371   10.08   7.291   6.281   4.285   6.177   5.457   4.305   3.048   3.908   9.235   1.697   2.117   5.898   5.727   9.555   5.582   4.328   2.732   11.62   7.471   2.072
   6.365   9.904   7.428   6.257    4.34    6.28   5.461   4.384   3.057    4.01   9.092   1.686   2.127   5.931   5.776   9.351   5.583    4.47   2.671   11.28   7.625   2.086
   6.362   9.775   7.521   6.228   4.396   6.363   5.423   4.452   3.067   4.102   8.991   1.661   2.131   5.986   5.823   9.195   5.595   4.604    2.59   10.91   7.719   2.102
   6.354   9.699    7.55   6.197   4.444   6.424   5.347   4.504   3.069   4.178   8.939    1.62   2.129   6.051    5.86   9.094   5.618   4.715   2.496   10.56   7.749   2.117
   6.335   9.671   7.511   6.168   4.477   6.459   5.243    4.54   3.054   4.235   8.941   1.558   2.124   6.114   5.882   9.055   5.646   4.794   2.393   10.26   7.717   2.133
