   8.463   6.357   10.72   6.172   5.955   5.644   4.589   6.621   11.32   4.429   3.081   2.143   5.423       4  0.7591   5.751   9.658   5.527   5.671    7.24   2.299   6.392
   8.445   6.397   10.64   6.169   5.999   5.575   4.653   6.467   11.29    4.45   3.069   2.108   5.402   3.913  0.7697   5.687   9.618   5.553   5.645   7.128   2.225   6.404
   8.373   6.388    10.5   6.186   6.066   5.479   4.696   6.336   11.25   4.468   3.085   2.104   5.384   3.815  0.7939   5.591    9.56   5.593    5.61    6.98   2.166    6.42
   8.247    6.33    10.3    6.22   6.146   5.369   4.715   6.241    11.2    4.48   3.128   2.132   5.369    3.72  0.8303   5.469   9.489   5.656   5.575   6.808   2.133   6.439
   8.075   6.231   10.05    6.27   6.232   5.251   4.711   6.193   11.15   4.487   3.194   2.188   5.353   3.642  0.8759   5.326   9.409   5.745   5.544   6.621    2.13    6.46
   7.873   6.097   9.775   6.332   6.315   5.134   4.688   6.204   11.08   4.492   3.281   2.263   5.336   3.592  0.9274   5.173   9.326   5.862   5.519    6.43   2.155   6.479
   7.669   5.945   9.516   6.398   6.385   5.028   4.649    6.27   11.01   4.494    3.38   2.346   5.317   3.574  0.9804   5.017   9.252       6   5.499   6.246   2.198   6.495
   7.475    5.79    9.28   6.463   6.437   4.937   4.601   6.383   10.92   4.493   3.482    2.42   5.294   3.586    1.03   4.872   9.185    6.15   5.479   6.075   2.244   6.505
   7.308   5.648   9.085   6.517   6.464   4.864   4.551   6.528   10.84    4.49   3.578   2.477   5.269   3.622   1.073   4.745   9.138   6.304   5.455   5.926   2.283   6.506
   7.184   5.539   8.945   6.553   6.464   4.814   4.507   6.682   10.77   4.485   3.658   2.508   5.244    3.67   1.104   4.646   9.118    6.45    5.42   5.801   2.302   6.496
   7.118   5.475   8.876   6.567   6.435   4.787   4.474   6.826   10.72    4.48   3.713   2.509   5.221   3.719    1.12   4.582   9.125   6.578   5.373   5.705   2.297   6.474
   7.113   5.463   8.879   6.556    6.38   4.782   4.456   6.939    10.7   4.473   3.737    2.48   5.203   3.756    1.12   4.558    9.16   6.679   5.312   5.639   2.265   6.442
   7.168   5.503    8.95   6.522     6.3   4.799   4.456   7.009   10.71   4.468   3.726   2.428   5.194   3.776   1.105   4.572    9.22   6.746   5.239   5.603    2.21   6.398
    7.27   5.587   9.073   6.465   6.201   4.836   4.473   7.024   10.77   4.466    3.68   2.358   5.194    3.77   1.076   4.624   9.294   6.775   5.154   5.595   2.137   6.346
   7.405   5.699   9.232   6.389   6.089   4.891   4.504   6.984   10.87   4.469   3.599   2.283   5.207   3.739   1.036   4.708   9.375   6.763   5.063   5.611   2.057   6.288
   7.558   5.828    9.41   6.302   5.974   4.959   4.544   6.894      11   4.478   3.493   2.214   5.229   3.681  0.9926   4.816   9.458   6.711   4.968   5.649   1.979   6.225
   7.707   5.954   9.584   6.213   5.861    5.04   4.588   6.761   11.16   4.496   3.367   2.161   5.261   3.598  0.9517   4.938   9.527   6.624   4.875   5.703   1.917   6.162
   7.838   6.068   9.734    6.13   5.759   5.129    4.63   6.601   11.33   4.524   3.233   2.131     5.3   3.498  0.9216   5.065   9.574    6.51   4.788   5.767   1.884     6.1
   7.939   6.155   9.849    6.06   5.673   5.221   4.666   6.431    11.5   4.561   3.105   2.131   5.345   3.387  0.9091   5.187   9.594    6.38   4.712   5.836   1.891   6.042
   8.008   6.209   9.933   6.011   5.607   5.313   4.692   6.272   11.66   4.607   2.992    2.16   5.391   3.275  0.9181   5.295   9.588   6.246   4.652   5.903   1.946   5.989
   8.025   6.222   9.955   5.987   5.565     5.4   4.705   6.142    11.8   4.658   2.905   2.215   5.435   3.172  0.9493   5.383   9.551   6.125   4.611   5.962   2.048   5.946
   7.994   6.193   9.922    5.99   5.546   5.477   4.702   6.056    11.9   4.709   2.848    2.29   5.473   3.089   0.999   5.446   9.485   6.029   4.592    6.01   2.191    5.91
    7.92   6.126   9.842   6.018   5.547    5.54   4.683   6.027   11.96   4.756   2.824   2.377   5.503   3.039    1.06   5.481   9.397   5.972   4.595   6.042    2.36   5.884
   7.817   6.025   9.736   6.069   5.566   5.583   4.646    6.06   11.99   4.794   2.828   2.466   5.522   3.026   1.127    5.49   9.297   5.957   4.616   6.057   2.541   5.868
    7.69   5.897   9.611   6.134   5.599   5.604   4.593    6.15   11.99   4.817   2.856    2.55   5.528   3.054    1.19   5.476   9.191   5.984   4.649   6.055   2.715   5.863
   7.553   5.753   9.479   6.208   5.642   5.601   4.527   6.287   11.96   4.824   2.901   2.616   5.523    3.12   1.245   5.443   9.096   6.045   4.686   6.037   2.867   5.866
   7.423   5.605   9.368   6.285    5.69   5.574   4.451   6.453   11.91   4.812   2.956   2.658   5.507   3.212   1.286   5.399   9.023   6.127    4.72   6.006   2.981   5.879
   7.315   5.464   9.297   6.355    5.74   5.523    4.37   6.632   11.87   4.781   3.015   2.667   5.484   3.318   1.308   5.349   8.981    6.22   4.746   5.966    3.05   5.901
   7.237   5.342   9.267   6.416   5.789   5.453   4.287   6.806   11.86   4.731   3.073    2.64    5.46   3.425   1.309   5.304   8.974   6.311   4.756   5.922   3.063    5.93
   7.197   5.248   9.285   6.463   5.832    5.37   4.207   6.958   11.87   4.667   3.124   2.577   5.438    3.52    1.29   5.267   9.011   6.391   4.749   5.882    3.02   5.968
   7.204   5.192   9.357   6.497   5.869    5.28   4.134   7.078   11.92   4.593   3.165   2.482   5.425   3.595    1.25   5.245   9.081   6.454   4.726   5.851   2.924   6.013
    7.24   5.164   9.463   6.518   5.894   5.192    4.07   7.159   12.01   4.512   3.194   2.365   5.422   3.643   1.195   5.238   9.181   6.492    4.69   5.834   2.784   6.067
   7.299   5.163   9.587   6.527   5.908   5.115   4.016   7.199   12.13   4.429    3.21    2.24   5.433   3.663   1.131   5.246   9.296   6.506   4.645   5.836   2.614   6.125
   7.368   5.185   9.704   6.531    5.91   5.059   3.971   7.205   12.28   4.353   3.216    2.13   5.456   3.658   1.065   5.267    9.41   6.492   4.599   5.862   2.434   6.191
    7.43   5.213   9.803   6.532     5.9   5.029   3.936   7.184   12.43   4.288   3.214   2.055   5.489   3.629   1.008   5.295   9.512   6.457   4.559   5.912   2.266    6.26
   7.479    5.24   9.876   6.534   5.877   5.031   3.909   7.155   12.56   4.241    3.21   2.032   5.527   3.585  0.9688   5.323   9.587   6.406   4.529   5.984   2.134   6.329
   7.494   5.255    9.89   6.541   5.846   5.065   3.889   7.134   12.67   4.219   3.212   2.068   5.566   3.537  0.9548   5.346   9.627    6.35   4.518   6.079   2.058   6.394
   7.474   5.255    9.85   6.554   5.808   5.128   3.876   7.135   12.72   4.225   3.223   2.157   5.599   3.495  0.9659   5.359   9.622   6.302   4.528    6.19   2.048   6.451
   7.426   5.235   9.771   6.572   5.765   5.212   3.871    7.17   12.71    4.26   3.248    2.28   5.621   3.471  0.9979   5.358   9.575   6.276   4.561   6.313   2.096   6.494
   7.334   5.194   9.624   6.593    5.72   5.309   3.876   7.246   12.64   4.325   3.285   2.419   5.628   3.477   1.042    5.34   9.488   6.287   4.617    6.44   2.186   6.518
   7.214   5.142   9.433   6.614   5.671   5.409   3.891   7.356   12.52   4.412   3.335   2.555   5.615   3.518    1.09   5.308    9.36   6.341   4.694   6.566   2.305   6.519
   7.082   5.079   9.226    6.63   5.622   5.502   3.918   7.491   12.34   4.516   3.388   2.677   5.582   3.598   1.135   5.265   9.206    6.44   4.783   6.682   2.436   6.497
   6.938    5.01   9.002   6.634    5.57   5.578   3.956   7.637   12.15   4.625   3.438   2.775   5.526   3.713   1.172   5.217   9.029   6.573    4.88    6.78   2.569   6.452
   6.804   4.955   8.784   6.624   5.518   5.632   4.004    7.78   11.93   4.729    3.48   2.842   5.453   3.852   1.198   5.171   8.848   6.723   4.975   6.858   2.694   6.384
   6.681   4.904   8.584   6.595   5.463   5.659   4.056   7.906   11.73   4.816   3.507   2.878   5.364   4.002    1.21   5.134   8.673   6.873   5.058   6.907   2.803   6.298
   6.588   4.872   8.426   6.546   5.409   5.659   4.109   8.006   11.55   4.875   3.517   2.881   5.266   4.147   1.209   5.115   8.518       7    5.12   6.926   2.889   6.201
   6.531   4.863   8.317   6.481   5.357   5.635   4.158   8.075   11.43   4.899   3.507   2.851   5.168   4.274   1.195   5.116   8.395   7.088   5.155   6.913   2.948   6.099
   6.507   4.864   8.266   6.401   5.308   5.592   4.197   8.112   11.37   4.885   3.478   2.793   5.077   4.373    1.17    5.14   8.314   7.122   5.159   6.868   2.975       6
    6.52   4.879   8.277   6.313   5.266   5.537    4.22   8.122   11.38   4.831   3.431   2.709   5.003   4.435   1.136   5.186   8.278   7.096    5.13   6.792    2.97   5.911
   6.562   4.899   8.342   6.225   5.234   5.479   4.225   8.109   11.44   4.742   3.373   2.608   4.953   4.458   1.099   5.248    8.29   7.007   5.072   6.689   2.937    5.84
   6.621   4.913   8.449   6.144   5.213   5.425   4.208    8.08   11.57   4.621   3.308   2.497   4.931   4.442   1.061   5.322   8.343   6.861   4.987   6.565   2.882   5.794
   6.686   4.919   8.578    6.08   5.206   5.385    4.17   8.046   11.75   4.479   3.245   2.392   4.938   4.389    1.03   5.397   8.429   6.666   4.884   6.424   2.817   5.775
   6.753   4.915   8.721   6.035   5.214    5.36   4.112   8.018   11.95   4.324   3.189   2.304   4.972   4.306    1.01   5.467   8.541   6.437   4.772   6.277   2.758   5.784
   6.802   4.885   8.854   6.014   5.238   5.355   4.038   8.004   12.14    4.17   3.147   2.249   5.024   4.203   1.004   5.525   8.666   6.189   4.657   6.128   2.719    5.82
   6.837   4.842   8.973   6.014   5.277   5.367   3.952   8.016   12.33   4.027   3.123   2.232   5.089   4.089   1.015   5.566   8.794   5.942   4.551   5.988   2.711    5.88
   6.847   4.777   9.064   6.033    5.33   5.392   3.861   8.061   12.48   3.907   3.119   2.255   5.155   3.977   1.036   5.587   8.913   5.715   4.461   5.863   2.738   5.956
   6.833   4.697   9.121   6.061   5.396   5.423   3.773   8.143   12.58    3.82   3.134    2.31   5.215   3.878   1.062   5.586   9.018   5.523    4.39   5.761   2.793   6.041
   6.805   4.615   9.149   6.092   5.469   5.455   3.697   8.256   12.63   3.772   3.163    2.38   5.265   3.805   1.087   5.564   9.097   5.383   4.348   5.689   2.865   6.126
   6.763   4.533    9.15   6.117   5.547   5.479    3.64   8.392   12.63   3.768     3.2   2.449   5.298   3.766   1.103   5.525   9.152   5.301   4.334   5.651   2.937   6.205
   6.716   4.463   9.127    6.13   5.624    5.49    3.61   8.536   12.58   3.807   3.239   2.502   5.313   3.767   1.108   5.473   9.174   5.281   4.348   5.649   2.997   6.271
   6.675   4.415   9.095   6.126   5.697   5.483   3.613    8.67   12.49   3.887   3.271   2.526   5.311    3.81   1.099   5.413   9.167    5.32    4.39   5.685   3.032   6.319
   6.651   4.397   9.064   6.105   5.762   5.456   3.652   8.776   12.39   4.001   3.291   2.514   5.294    3.89   1.075   5.353   9.133   5.408   4.457   5.757   3.033   6.346
   6.646   4.411   9.039   6.068   5.815   5.407   3.724   8.837   12.29   4.139   3.295   2.462   5.267   3.996   1.039   5.299   9.076   5.531   4.545    5.86   2.999   6.352
   6.668   4.461   9.031   6.017   5.855    5.34   3.826    8.84   12.21   4.289   3.281    2.37   5.235   4.118  0.9943   5.256   8.997   5.673   4.648   5.989   2.928   6.338
   6.715   4.542   9.041   5.959   5.879   5.257   3.949   8.787   12.15   4.443   3.247   2.246   5.204   4.239  0.9464   5.227   8.902    5.82   4.759   6.135   2.824   6.308
   6.781   4.646   9.068   5.903   5.889   5.166   4.085   8.675   12.14   4.587   3.196   2.095   5.181   4.351  0.9027   5.213   8.796   5.957   4.871   6.288   2.693   6.266
   6.868   4.771   9.113   5.856   5.883   5.076   4.224   8.515   12.17   4.714   3.133    1.93    5.17   4.442  0.8708   5.213   8.684   6.071   4.978   6.436   2.541   6.218
   6.965   4.903   9.173    5.83   5.867   4.996   4.356   8.325   12.24   4.817   3.065   1.763   5.174   4.506  0.8583   5.223    8.57   6.154   5.071   6.568    2.38    6.17
   7.067   5.031   9.247   5.829   5.839   4.938   4.473   8.121   12.34   4.892       3   1.611   5.195   4.536  0.8694   5.237   8.461     6.2   5.144   6.671   2.227   6.126
   7.157   5.147   9.309   5.862   5.804   4.908    4.57   7.924   12.47   4.937   2.949    1.49    5.23   4.531  0.9047   5.249   8.362   6.208    5.19   6.737   2.097    6.09
   7.241   5.245   9.377   5.926   5.767   4.916   4.641   7.749   12.61   4.953   2.917   1.419   5.277   4.492  0.9607   5.254   8.278   6.179   5.203   6.758   2.012   6.064
   7.298   5.314   9.421    6.02   5.728   4.961   4.683   7.614   12.73   4.945   2.914   1.405   5.327   4.418   1.032    5.25   8.213   6.121   5.181    6.73   1.992   6.051
   7.333   5.353   9.452   6.133    5.69   5.042   4.695   7.526   12.83   4.916   2.941   1.447   5.373   4.316   1.111   5.231   8.172   6.042   5.121   6.652   2.048   6.049
   7.343   5.361   9.465   6.251   5.654   5.151    4.68   7.487   12.91   4.873   2.994   1.532   5.408   4.188   1.191   5.199   8.159   5.951   5.022   6.526   2.176   6.055
   7.327   5.339   9.454   6.361   5.621   5.279    4.64   7.493   12.96   4.821   3.067   1.646   5.423   4.039   1.265   5.156   8.175   5.862   4.889    6.36   2.357   6.067
   7.287   5.289   9.426   6.446   5.593   5.415   4.584   7.535   12.97   4.768    3.15   1.772   5.415   3.875   1.329   5.104   8.225   5.781   4.724   6.162   2.563   6.082
   7.225   5.216   9.376   6.495    5.57   5.548   4.516   7.602   12.94   4.718   3.237     1.9   5.378   3.705   1.378   5.049   8.306   5.717   4.538   5.944   2.771   6.096
   7.154   5.131   9.319   6.499   5.549   5.668   4.445   7.677   12.87   4.675   3.316   2.019   5.316   3.533    1.41   4.997   8.413   5.674    4.34   5.723    2.96   6.108
   7.079   5.048   9.252   6.453    5.53   5.768   4.382   7.747   12.78   4.642   3.381   2.122    5.23   3.369   1.424   4.956   8.542    5.65   4.144   5.516   3.114   6.116
   7.012   4.976   9.191   6.358   5.515   5.842   4.332   7.794   12.67   4.618   3.426   2.203   5.127   3.219   1.421   4.933   8.683   5.643   3.968   5.342    3.22   6.118
   6.958   4.927   9.132   6.222   5.502   5.888   4.303   7.807   12.55   4.603   3.449    2.26   5.014   3.092   1.404   4.933   8.828    5.65   3.829   5.218   3.273   6.117
   6.926   4.911   9.083   6.055   5.493   5.906   4.296   7.775   12.43   4.594   3.448    2.29   4.901   2.998   1.379   4.959   8.962   5.665   3.747   5.161   3.272   6.114
   6.913   4.928   9.038   5.872   5.485     5.9    4.31   7.693   12.31    4.59   3.423   2.294   4.797   2.941   1.351   5.011   9.077   5.688   3.736   5.177   3.218    6.11
    6.92   4.975   9.003    5.69   5.478   5.876   4.341   7.567   12.21   4.587   3.378   2.275   4.711   2.927   1.329   5.085   9.161   5.718   3.804    5.27    3.12   6.107
   6.941   5.048   8.969   5.525   5.474    5.84   4.382   7.404   12.13   4.583   3.318   2.241    4.65   2.955   1.318   5.172   9.209   5.753    3.95   5.432   2.989   6.106
   6.964   5.129   8.928   5.394   5.473   5.801   4.427   7.221   12.05   4.577    3.25   2.199    4.62   3.027   1.325   5.264   9.216   5.795   4.164   5.646   2.844   6.108
   6.979   5.208   8.875   5.308   5.473   5.768   4.465   7.042   12.01   4.569   3.181   2.163   4.622    3.14   1.351   5.349   9.179   5.845   4.426   5.891   2.704    6.11
   6.985   5.277   8.813   5.276   5.472   5.744   4.492   6.892   11.96   4.558    3.12   2.144   4.655   3.286   1.395    5.42   9.102   5.905   4.714   6.144   2.591    6.11
   6.968    5.32   8.732   5.299   5.468   5.735   4.502   6.792   11.92   4.545   3.071    2.15   4.719   3.457   1.452   5.467   8.991   5.973   5.005   6.383   2.524   6.106
   6.931   5.333   8.643   5.377   5.459    5.74   4.492    6.76   11.89   4.533   3.041   2.188   4.806    3.64   1.513   5.488   8.856    6.05   5.276   6.589   2.513   6.093
   6.877   5.315   8.549   5.499   5.444   5.757   4.462   6.802   11.85   4.522   3.032   2.253   4.911   3.823   1.573   5.481   8.708   6.132   5.507   6.746   2.558   6.072
   6.809   5.271   8.456   5.657   5.421   5.779   4.412   6.907   11.82   4.515   3.041   2.341   5.027   3.993   1.623   5.448   8.561   6.216   5.681   6.841   2.645   6.038
    6.73   5.198   8.371   5.838   5.389   5.799   4.345   7.057   11.79   4.512   3.067   2.437   5.143   4.141   1.658   5.394   8.425   6.299   5.788    6.87   2.756   5.993
   6.649   5.102   8.305   6.025   5.347    5.81   4.265    7.23   11.78   4.514   3.105   2.532   5.255   4.255   1.673   5.328   8.313   6.374   5.822   6.832    2.87   5.939
   6.574   4.994   8.265   6.206   5.297   5.805   4.176   7.399   11.78   4.521   3.149   2.613   5.356   4.329   1.666   5.257   8.235   6.438   5.778    6.73    2.97   5.877
   6.519    4.89   8.262   6.369   5.239   5.778   4.087   7.544    11.8   4.532   3.193    2.67    5.44   4.361   1.635    5.19   8.196   6.488   5.663   6.573   3.043   5.813
   6.491   4.794   8.308   6.504   5.177   5.726   4.002    7.65   11.84   4.546   3.231   2.698   5.508   4.351   1.583   5.137   8.199   6.519   5.486   6.373   3.079   5.752
   6.494   4.718   8.396   6.609   5.117   5.651   3.931   7.711    11.9   4.561   3.262   2.691   5.558   4.303    1.51   5.103   8.245   6.529   5.262   6.145   3.074   5.699
   6.541   4.679   8.534   6.681   5.064   5.556    3.88   7.724   11.98   4.577   3.282   2.651   5.593   4.225   1.424   5.094   8.327   6.518   5.009   5.906   3.025   5.661
   6.622   4.673    8.71   6.727   5.026   5.445   3.852   7.692   12.07   4.591   3.289    2.58   5.615   4.124    1.33   5.111   8.439   6.486    4.75   5.677   2.937   5.643
   6.748   4.716   8.924   6.753    5.01   5.326   3.853   7.622   12.16   4.603   3.286   2.483   5.629   4.014   1.237   5.152   8.574   6.435    4.51   5.476   2.812   5.651
   6.901   4.794   9.157   6.765   5.022   5.209    3.88   7.524   12.25   4.613   3.273   2.365   5.639   3.904   1.152   5.214    8.72   6.368   4.309    5.32   2.658   5.685
   7.078   4.909   9.399   6.774   5.067   5.104   3.933   7.406   12.32   4.624   3.254   2.236   5.646   3.806   1.084   5.289   8.868   6.287   4.169   5.228   2.484   5.747
   7.266   5.047   9.641   6.784   5.148   5.018   4.003   7.282   12.36   4.634   3.232   2.105    5.65   3.728   1.037   5.372   9.007   6.197     4.1   5.205   2.301   5.833
   7.435    5.19   9.838   6.798   5.263   4.959   4.084   7.161   12.38   4.647   3.213   1.984   5.652   3.676   1.011   5.454   9.131   6.103   4.105   5.256   2.116   5.937
   7.602   5.329   10.04   6.812   5.406    4.93   4.166   7.056   12.38   4.661   3.196   1.883   5.647   3.654   1.003   5.529   9.231    6.01   4.175   5.374   1.944    6.05
   7.717   5.448   10.15   6.821   5.568   4.933   4.243   6.977   12.33    4.68   3.185   1.813   5.632   3.658   1.007   5.591   9.306   5.925   4.294   5.543   1.798   6.163
   7.789   5.539    10.2   6.819   5.739   4.965   4.306   6.935   12.27   4.702   3.178   1.782   5.604   3.687   1.015   5.637   9.354   5.849   4.441   5.744   1.693   6.265
   7.806   5.591   10.18   6.796   5.908   5.022   4.349   6.933   12.19   4.726   3.177   1.795    5.56   3.733    1.02   5.665   9.375   5.789   4.595   5.954   1.641   6.347
   7.772     5.6    10.1   6.749   6.061   5.093    4.37   6.972   12.09    4.75   3.175   1.851   5.499   3.788    1.02   5.677   9.368   5.744   4.739   6.153   1.647   6.404
   7.678    5.57   9.935   6.676   6.192   5.173   4.366   7.048   12.01   4.772   3.171   1.947   5.422   3.845   1.011   5.673   9.343   5.712   4.857   6.322   1.707   6.429
   7.547   5.501   9.738   6.575   6.289    5.25   4.338   7.152   11.94    4.79   3.163   2.071   5.335   3.895  0.9937   5.656   9.299   5.688   4.938   6.445   1.808   6.422
   7.387   5.396   9.519   6.453    6.35   5.319   4.287   7.273   11.89   4.799    3.15   2.213   5.237   3.934  0.9702   5.629   9.244   5.669   4.976   6.513    1.94   6.385
   7.197    5.26   9.272   6.314   6.371   5.373    4.22     7.4   11.89   4.799   3.132   2.363    5.14   3.959  0.9436   5.593   9.186   5.649    4.97    6.52   2.088   6.322
   7.007   5.113   9.036   6.166   6.352   5.408   4.141   7.522   11.92   4.787   3.109    2.51   5.046   3.967  0.9195    5.55   9.122   5.624   4.921   6.466   2.238   6.241
   6.822   4.961   8.814    6.02   6.296   5.422   4.059   7.632   11.98   4.762   3.084   2.644   4.962    3.96  0.9044   5.502   9.057   5.596   4.839   6.355   2.379    6.15
   6.658   4.823   8.622   5.889   6.212   5.416    3.98   7.727   12.05   4.725   3.061   2.759   4.894   3.944  0.9034   5.447   8.997   5.566   4.734   6.196   2.501   6.058
   6.528   4.711   8.473   5.783   6.107   5.393   3.912   7.807   12.13   4.677   3.042   2.847   4.845   3.924  0.9207   5.387   8.942   5.539   4.619   6.001   2.598   5.976
   6.446   4.642   8.376   5.719   5.992   5.358   3.864   7.872    12.2    4.62   3.033   2.902   4.821   3.906  0.9568   5.322    8.89   5.519   4.509   5.784   2.666    5.91
    6.42   4.629   8.338   5.704    5.88   5.317   3.842   7.926   12.25   4.557   3.036   2.921   4.822   3.898   1.009   5.252   8.847   5.511   4.418   5.561   2.703   5.869
   6.454   4.676   8.357   5.749   5.783   5.275   3.851   7.974   12.26    4.49   3.052   2.902   4.848   3.903   1.074   5.179    8.81   5.517   4.356   5.348    2.71   5.854
   6.544   4.786   8.426   5.852    5.71   5.239   3.892    8.02   12.24   4.425   3.084   2.847   4.897   3.925   1.143   5.104   8.782    5.54   4.328   5.157   2.691   5.866
    6.68   4.948   8.535   6.009   5.669   5.214   3.962   8.063   12.16   4.364   3.132   2.756   4.965   3.959   1.211   5.028   8.763    5.58   4.337   5.002   2.652   5.902
   6.854   5.152   8.676   6.206   5.663   5.202   4.058   8.104   12.05   4.312   3.192   2.634   5.049   4.004   1.269   4.955   8.753   5.635   4.376    4.89   2.599   5.958
   7.049   5.383   8.834   6.423   5.688   5.205    4.17   8.141   11.88   4.269   3.261   2.489   5.139   4.053   1.314   4.885   8.752   5.703   4.441   4.827   2.539   6.027
    7.25   5.618   8.997    6.64   5.739   5.223   4.291   8.167   11.68   4.236   3.334   2.329    5.23   4.098    1.34   4.823   8.759   5.782   4.519   4.812   2.479   6.099
   7.441   5.839   9.157    6.84   5.807   5.251   4.407    8.18   11.45   4.213   3.405   2.162   5.316   4.133   1.343   4.774   8.774   5.866     4.6   4.842   2.422   6.168
   7.612   6.032   9.303   7.004   5.881   5.286   4.511    8.17   11.21   4.196    3.47   2.003   5.394   4.152   1.325   4.742   8.795   5.947   4.678   4.913   2.377   6.227
   7.748   6.184   9.422    7.12   5.952   5.324    4.59   8.134   10.97   4.181   3.521   1.864   5.459   4.151   1.283   4.734   8.822   6.021   4.741   5.015   2.345    6.27
   7.844   6.288    9.51   7.179    6.01    5.36   4.636   8.069   10.73   4.165   3.558   1.758   5.509   4.126   1.224   4.756    8.85   6.078   4.785   5.138   2.325   6.292
    7.89   6.331    9.56   7.182   6.048   5.391   4.645   7.977   10.54   4.144   3.575   1.695   5.546   4.077   1.151   4.808   8.879   6.112   4.806   5.271   2.318   6.294
   7.887   6.314   9.571   7.129   6.062   5.412   4.615    7.86   10.39   4.113   3.574   1.681   5.569   4.008   1.071   4.891   8.908   6.118   4.806   5.404   2.322   6.274
   7.838   6.243   9.545   7.032    6.05   5.422   4.548   7.727   10.29   4.073   3.555    1.71   5.578   3.925  0.9948   4.997   8.932    6.09   4.787   5.525   2.335   6.237
   7.747   6.121   9.488   6.901   6.015   5.421   4.447   7.592   10.23   4.023   3.522   1.775   5.577   3.838  0.9323   5.116   8.952   6.032   4.755   5.627   2.356   6.186
   7.626   5.958   9.413   6.751   5.957   5.409   4.324   7.469   10.22   3.963   3.477   1.864   5.564   3.757  0.8942   5.236   8.964   5.948   4.721   5.705   2.381   6.127
   7.483   5.767    9.32     6.6   5.886   5.386   4.189   7.376   10.26   3.899   3.427   1.967   5.544   3.701  0.8878   5.342   8.967   5.848   4.695   5.755   2.408   6.067
   7.336   5.574   9.222   6.462   5.807   5.355   4.055   7.327   10.34   3.837   3.374   2.074   5.516   3.679   0.914   5.424   8.964   5.743   4.688   5.778   2.435    6.01
   7.201   5.393   9.136   6.347    5.73   5.316   3.937   7.332   10.46    3.78   3.324   2.176   5.481   3.702  0.9682   5.473   8.951   5.651   4.704   5.776    2.46   5.963
    7.09   5.239   9.072   6.264   5.661   5.273   3.842   7.395    10.6   3.738   3.278   2.268    5.44   3.769   1.041   5.488   8.935   5.584   4.745   5.753    2.48   5.927
   7.012   5.128    9.03   6.212   5.608   5.228   3.781   7.511   10.75   3.716   3.237   2.343   5.394   3.875   1.122   5.466   8.915   5.554   4.805   5.715   2.495   5.904
   6.975   5.069   9.016   6.187   5.576    5.18   3.756   7.664   10.91   3.721     3.2   2.397   5.344   4.004   1.201   5.415   8.894   5.567   4.878   5.667   2.503   5.895
   6.979   5.059   9.036   6.181   5.564   5.131   3.764   7.842   11.09   3.753   3.167   2.428   5.288    4.14   1.268   5.343   8.874   5.621   4.949   5.614   2.503   5.899
   7.017   5.094   9.077   6.181   5.571   5.083     3.8   8.017   11.27   3.813   3.134   2.433   5.227   4.265   1.316   5.261   8.859   5.712   5.007   5.564   2.496    5.91
   7.081   5.162   9.137   6.179   5.592   5.036   3.854   8.173   11.46   3.899   3.099   2.413   5.165   4.365   1.338   5.182   8.844   5.832   5.043   5.519   2.484   5.929
   7.158   5.248   9.204   6.163   5.618   4.993   3.917   8.288   11.64   4.004    3.06    2.37   5.104   4.428   1.329   5.117   8.833   5.973   5.049   5.481   2.468   5.951
   7.238   5.337   9.273   6.128   5.643   4.956   3.978   8.349   11.83   4.117   3.016   2.306   5.046   4.447   1.289   5.079   8.826   6.124   5.023   5.455   2.453   5.974
   7.307   5.415   9.334    6.07   5.662   4.927   4.029   8.344      12   4.231   2.968   2.229   4.997    4.42   1.215   5.074   8.821   6.279   4.967   5.441   2.442   5.998
   7.363   5.471   9.389    5.99   5.668   4.911   4.065   8.269   12.17   4.337   2.915   2.145   4.963   4.347   1.113   5.106   8.814   6.429   4.881   5.439   2.441   6.021
   7.394   5.497   9.425   5.894   5.659   4.912   4.079    8.13   12.33   4.424   2.863   2.063   4.949   4.235  0.9893   5.175   8.809   6.567   4.777   5.448   2.453   6.044
   7.399   5.489   9.444   5.789   5.636   4.932   4.071    7.93   12.45   4.487   2.816   1.995   4.959   4.089  0.8584   5.276   8.805   6.687   4.659   5.467   2.481   6.066
   7.388   5.448   9.466   5.686   5.599   4.972    4.04   7.687   12.55   4.523   2.778   1.952   4.996   3.922  0.7465   5.401     8.8   6.784   4.542   5.493   2.526   6.088
   7.353   5.376    9.47   5.597   5.556   5.032   3.988    7.42   12.61   4.528   2.753   1.942   5.061   3.744  0.6912   5.536   8.798    6.85   4.434   5.524   2.584   6.109
   7.307   5.281   9.475   5.533    5.51   5.107   3.922   7.155   12.63   4.506   2.747   1.973   5.153   3.572  0.7123   5.671   8.803   6.886    4.35   5.555   2.649   6.128
   7.243   5.167   9.466   5.506    5.47   5.191   3.849   6.918   12.61    4.46   2.762    2.04   5.264   3.419   0.798   5.788   8.815    6.89   4.296   5.583   2.714   6.143
   7.177    5.05   9.454   5.519    5.44   5.277   3.778   6.735   12.55   4.397   2.795   2.136   5.388   3.303  0.9201   5.878   8.836   6.866   4.282   5.608   2.772   6.153
   7.131   4.953   9.462   5.573   5.428   5.358   3.722   6.629   12.47   4.326   2.845   2.247   5.514   3.238   1.051   5.928   8.875   6.819   4.308   5.626   2.813   6.154
   7.097   4.881    9.47   5.662   5.435   5.427   3.691   6.613   12.36   4.257   2.904   2.358   5.632    3.23   1.173   5.934   8.929   6.756   4.371   5.637   2.829   6.143
   7.093   4.849   9.496   5.775   5.462   5.477   3.697   6.691   12.24   4.203   2.967   2.458   5.732   3.283   1.272    5.89   9.002   6.683   4.462   5.642   2.817   6.119
   7.115   4.861   9.528     5.9   5.508   5.503   3.742   6.851   12.14   4.174   3.026   2.533   5.805   3.387   1.343   5.802   9.095   6.607   4.571   5.643   2.771   6.081
   7.171    4.92   9.581   6.025   5.571   5.506   3.828    7.08   12.05   4.177   3.076   2.578   5.844   3.531    1.38   5.675   9.202   6.533   4.682   5.642    2.69   6.027
   7.251   5.019   9.641   6.137   5.642   5.483   3.947   7.353   11.98   4.217   3.113   2.586   5.843   3.693   1.385   5.522   9.322   6.461   4.782   5.641   2.578   5.959
   7.351   5.145   9.712   6.223   5.717   5.436    4.09   7.649   11.97   4.296   3.133   2.558   5.803   3.856   1.359   5.355   9.447   6.389   4.859    5.64    2.44   5.881
   7.457   5.286    9.78    6.28   5.787   5.371   4.243   7.943   11.98   4.409   3.135   2.498   5.724       4   1.307   5.191    9.57   6.313   4.904   5.641   2.284   5.795
   7.557   5.429   9.836   6.302   5.848   5.292   4.394   8.213   12.05   4.547   3.119   2.411   5.613    4.11   1.233   5.041   9.681   6.232   4.914   5.642   2.122   5.707
   7.644   5.563   9.872   6.289   5.895   5.206    4.53   8.442   12.14   4.702   3.085   2.306   5.475    4.18   1.143    4.92   9.775   6.141   4.884   5.643   1.966   5.622
    7.71   5.673    9.89   6.245   5.924   5.123   4.642    8.61   12.25   4.861   3.039   2.198   5.322   4.202   1.042    4.83   9.842   6.041   4.819    5.64    1.83   5.547
   7.734   5.751   9.856   6.178   5.934   5.052   4.722   8.711   12.38   5.015   2.983   2.096   5.162   4.178  0.9359   4.777   9.877   5.933   4.724   5.632   1.726    5.49
   7.736   5.796   9.814   6.094   5.928   5.004   4.767   8.734   12.51   5.152   2.925    2.01   5.008   4.111  0.8303   4.756   9.871   5.821   4.607   5.616   1.658   5.456
   7.708   5.805   9.745   6.007   5.908   4.986   4.774   8.686   12.61   5.265   2.873   1.946   4.866   4.007  0.7329   4.761   9.834   5.709   4.476   5.593   1.629    5.45
   7.645   5.777   9.645   5.925   5.881   5.005   4.748   8.572   12.69   5.349   2.834   1.906   4.746   3.878  0.6552   4.784   9.759   5.603   4.344    5.56   1.631   5.475
    7.56   5.713   9.537   5.857   5.851   5.063   4.693   8.409   12.73   5.399   2.815   1.889   4.654   3.736   0.613   4.817   9.658   5.507    4.22   5.519   1.657   5.529
   7.453    5.62   9.414    5.81   5.825   5.159   4.615   8.219   12.73   5.414   2.823    1.89   4.591   3.593  0.6216   4.853   9.535   5.423   4.114    5.47   1.699    5.61
    7.33   5.512   9.276   5.786   5.812   5.283   4.528   8.027   12.69   5.397   2.859   1.905   4.555   3.462   0.682   4.883   9.397   5.353   4.032   5.415   1.754   5.711
   7.208   5.395   9.148    5.78    5.81   5.426   4.439    7.86   12.61   5.351   2.921   1.931   4.546   3.356  0.7785   4.904   9.259   5.298   3.981   5.359    1.82   5.825
   7.095   5.282   9.036   5.792   5.827   5.573   4.359   7.734    12.5   5.281   3.001   1.964   4.558   3.283  0.8911   4.911    9.13   5.256   3.961   5.304   1.897    5.94
   6.997    5.18   8.942   5.812   5.861   5.713   4.295   7.658   12.39   5.197   3.091   2.004    4.59   3.251   1.004   4.906   9.019   5.226   3.974    5.26   1.983    6.05
   6.925   5.097   8.881   5.834   5.907   5.831   4.251   7.624   12.28   5.104   3.179   2.047   4.634    3.26   1.105   4.891   8.936   5.204   4.013    5.23   2.075   6.145
   6.881   5.033   8.859   5.852   5.963   5.917   4.227   7.617   12.19    5.01   3.256   2.093    4.69   3.308   1.183   4.875   8.891   5.189   4.074   5.224   2.168    6.22
   6.868   4.992   8.878   5.863   6.021   5.963   4.219    7.61   12.12   4.919   3.314   2.138   4.757   3.384   1.234   4.868   8.889    5.18   4.151   5.245   2.258   6.271
   6.887   4.968   8.941   5.869   6.079   5.964   4.222   7.581   12.07   4.834   3.349   2.182   4.833   3.478   1.251   4.881   8.933   5.178   4.236   5.298   2.338   6.296
   6.933   4.958   9.048   5.869    6.13    5.92   4.229   7.508   12.05   4.759   3.357   2.221   4.919   3.571   1.235   4.924   9.021    5.18   4.325   5.384   2.404   6.298
    7.01   4.962   9.203   5.871   6.173   5.833   4.233   7.379   12.03   4.692   3.338   2.256   5.017   3.655   1.185   5.002   9.149   5.188   4.415   5.498   2.458   6.282
   7.096   4.968   9.374   5.882   6.204    5.71   4.229   7.192   12.03   4.632   3.295   2.289   5.127   3.717   1.104   5.116   9.307   5.204   4.502   5.634   2.502   6.253
   7.212    4.98   9.601   5.912   6.223   5.561   4.212   6.953   12.02   4.579   3.233   2.318   5.251   3.753       1   5.259   9.486   5.226   4.585   5.782   2.538   6.217
   7.333   4.991   9.841   5.969   6.232   5.398   4.182   6.676   11.99    4.53   3.156   2.348   5.388    3.76  0.8811   5.418   9.673   5.256   4.666   5.933    2.57   6.183
   7.459   5.006   10.09   6.056   6.234   5.234   4.138    6.38   11.94   4.486   3.073   2.378   5.534   3.742  0.7582   5.579   9.853   5.294   4.743   6.078   2.603   6.156
   7.546   5.016   10.26   6.176   6.229   5.083   4.082   6.085   11.86   4.446    2.99   2.409   5.685   3.702  0.6471    5.73   10.02    5.34   4.818    6.21   2.634   6.141
   7.625   5.029    10.4    6.32   6.224   4.959   4.017    5.81   11.77   4.411   2.917   2.437   5.832   3.649  0.5655   5.857   10.15   5.394   4.889   6.323   2.665   6.138
   7.715   5.044   10.57    6.48    6.22    4.87   3.951   5.572   11.66   4.382   2.859   2.458   5.968   3.587  0.5296   5.952   10.24   5.455   4.954   6.415   2.688   6.148
   7.777   5.061   10.68   6.642   6.221   4.823   3.888   5.383   11.54   4.362   2.824   2.469   6.084   3.525  0.5466   6.011   10.29   5.521   5.011   6.485   2.698   6.166
   7.811   5.081   10.73   6.787   6.224    4.82   3.837   5.256   11.42   4.352   2.814   2.464   6.169   3.468  0.6091   6.033   10.28   5.591   5.057   6.536   2.694   6.188
   7.814   5.105   10.71   6.899   6.228   4.856   3.804   5.204   11.33   4.355    2.83   2.443   6.218   3.423   0.696   6.018   10.22   5.662   5.089   6.572   2.669   6.206
    7.79   5.134   10.63   6.968   6.229   4.924   3.798   5.239   11.26   4.371   2.869   2.403   6.226   3.394  0.7893   5.973   10.11    5.73   5.105   6.595   2.626   6.214
   7.739   5.165   10.49   6.979   6.221   5.018    3.82   5.373   11.24   4.403   2.923   2.348   6.189   3.385  0.8789   5.903   9.964    5.79   5.104   6.611   2.566   6.206
   7.691   5.202   10.36    6.93   6.199   5.125    3.87   5.607   11.29   4.446   2.988   2.282   6.111   3.397  0.9588   5.817   9.764   5.838   5.084   6.622   2.496   6.177
   7.611   5.234   10.16   6.817   6.157   5.235   3.943   5.928    11.4     4.5   3.053   2.209   5.994   3.429   1.026   5.722   9.534    5.87   5.046   6.632    2.42   6.124
   7.463   5.262   9.819   6.648   6.093    5.34   4.029   6.311   11.58    4.56   3.112   2.138   5.848    3.48   1.079   5.629   9.278   5.882   4.992   6.643   2.348   6.048
   7.323   5.284   9.505   6.432   6.008   5.429   4.118   6.721   11.82   4.618   3.159   2.077   5.681   3.542   1.116   5.546   9.016   5.874   4.923   6.654   2.288   5.951
   7.182   5.292   9.205   6.184   5.902   5.498   4.198   7.122   12.09   4.669    3.19   2.032   5.505   3.609   1.136    5.48   8.754   5.849   4.845   6.663   2.246   5.838
   7.029   5.283   8.899   5.924   5.779   5.543   4.262   7.484   12.38   4.705   3.202    2.01   5.333   3.676    1.14   5.436   8.513   5.812   4.759    6.67   2.228   5.718
   6.891   5.271   8.625   5.672   5.648   5.564   4.302   7.776   12.65   4.724   3.197   2.015   5.178   3.734   1.129   5.415   8.301   5.769   4.672   6.668   2.237   5.598
   6.775   5.253   8.405   5.453   5.519   5.562   4.316   7.983   12.86   4.721   3.176   2.047   5.053   3.781   1.106   5.417   8.134   5.732   4.586   6.654   2.273   5.491
   6.686   5.236   8.239   5.291   5.402   5.541   4.304   8.093   13.02   4.695   3.145   2.104   4.967   3.811   1.075   5.434   8.019   5.711    4.51   6.624   2.336   5.406
   6.638   5.223   8.154   5.204   5.309   5.507   4.269     8.1    13.1   4.649   3.106    2.18   4.929   3.823    1.04   5.458   7.967   5.715   4.446   6.574   2.422   5.353
    6.64   5.229    8.15   5.205   5.249   5.467   4.217   8.011   13.08   4.585   3.066   2.266   4.938   3.816   1.006   5.482   7.976   5.748   4.399     6.5   2.523   5.337
   6.693    5.26   8.227   5.297   5.231   5.426   4.156   7.837   12.99    4.51    3.03   2.352   4.993   3.792  0.9775   5.497   8.046   5.812   4.371   6.404   2.629   5.361
   6.797   5.316   8.382   5.469   5.255   5.393   4.094   7.595   12.83   4.431   3.004   2.428   5.085   3.754  0.9562   5.498    8.17   5.902   4.361   6.287   2.731   5.424
   6.938   5.387   8.599   5.703   5.322   5.372   4.042   7.303    12.6   4.357   2.987   2.484   5.203   3.704  0.9435   5.482   8.338    6.01   4.364   6.155   2.817   5.518
   7.111   5.488   8.849   5.977   5.424   5.366   4.007   6.986   12.34   4.298   2.983   2.514   5.334   3.644  0.9379   5.446   8.534   6.126   4.379   6.013   2.878    5.64
   7.304   5.607   9.122   6.263   5.547   5.379       4   6.665   12.07   4.263   2.991   2.511   5.464   3.578  0.9365   5.397   8.743   6.239     4.4   5.871   2.907   5.775
   7.499   5.734   9.389   6.537   5.682   5.409   4.025    6.36   11.82    4.26   3.008   2.475   5.582   3.509  0.9371   5.339   8.946    6.34   4.422   5.738   2.898   5.915
   7.688   5.867   9.638   6.778    5.81   5.454   4.084   6.088   11.61   4.293   3.033   2.406   5.679   3.441  0.9362    5.28   9.135   6.422   4.442   5.624   2.853   6.047
   7.854   5.994   9.844   6.967   5.924   5.511   4.177   5.867   11.45   4.362   3.064   2.311   5.747   3.377  0.9323   5.227   9.291   6.481   4.458   5.537   2.773   6.162
   7.986   6.106   9.999   7.094   6.006   5.575   4.296   5.708   11.37   4.463   3.098     2.2   5.782   3.322  0.9254    5.19   9.407   6.515    4.47   5.483   2.666   6.251
   8.069   6.192   10.08   7.151   6.053   5.638   4.434   5.617   11.35   4.588   3.133   2.081   5.786   3.279  0.9155   5.173   9.471   6.525   4.481   5.469    2.54   6.308
   8.104   6.249   10.09    7.14   6.059   5.697   4.577   5.603    11.4   4.726   3.168   1.967   5.759   3.253  0.9033   5.181   9.489   6.517   4.493   5.494    2.41   6.327
   8.089   6.268   10.04   7.068   6.022   5.744   4.714   5.664   11.51   4.864   3.201   1.868   5.708   3.246  0.8914   5.215   9.457   6.497   4.511   5.556   2.286    6.31
   8.023   6.247   9.925   6.948   5.945   5.777   4.832     5.8   11.66   4.988    3.23   1.792   5.639   3.259  0.8813    5.27   9.381   6.474   4.538   5.651   2.182   6.256
   7.914   6.189   9.762   6.794   5.834   5.789   4.923   6.003   11.82   5.089   3.255   1.742    5.56   3.296  0.8753   5.343   9.275    6.46   4.577   5.769   2.108   6.171
   7.779   6.096   9.581   6.629   5.702   5.782   4.981   6.261   11.97   5.158   3.275   1.718   5.479   3.353  0.8754   5.424   9.145   6.462   4.631   5.901   2.066   6.061
   7.624   5.975   9.388    6.47   5.559   5.755   5.003   6.558    12.1   5.189   3.289   1.717   5.403   3.428   0.882   5.504   9.006    6.49     4.7   6.038   2.057   5.934
   7.458   5.834   9.196   6.334    5.42    5.71   4.988    6.88    12.2   5.181   3.297   1.738   5.335   3.519  0.8957   5.573   8.872   6.545    4.78   6.167   2.077   5.803
     7.3   5.686   9.028    6.23   5.298    5.65   4.941   7.207   12.26   5.134   3.299   1.774   5.279   3.619  0.9155   5.623   8.759   6.624   4.869    6.28   2.121   5.676
   7.161   5.542   8.894   6.163    5.21    5.58   4.867   7.522   12.27   5.054   3.297   1.823   5.232   3.723  0.9398   5.644    8.67   6.719   4.959   6.368    2.18   5.564
   7.051   5.414   8.803   6.126   5.162   5.504   4.776   7.811   12.25    4.95    3.29   1.881   5.191   3.825  0.9657   5.635   8.614   6.813   5.046   6.427    2.25   5.476
   6.977   5.311   8.759   6.113   5.164   5.429   4.676   8.055   12.19    4.83    3.28   1.942   5.154   3.918  0.9905   5.594   8.596   6.891    5.12   6.452   2.322   5.417
   6.933    5.23   8.757   6.115   5.209   5.357   4.577   8.246   12.12   4.708   3.267       2   5.116   3.998   1.012   5.524   8.609   6.935   5.176   6.446   2.388    5.39
   6.919   5.175   8.787   6.119   5.295   5.293   4.487   8.372   12.05   4.594   3.253   2.048   5.076   4.059   1.027   5.433   8.651   6.929   5.209   6.411   2.444   5.397
    6.93   5.145   8.842   6.117    5.41    5.24   4.412   8.429      12   4.501   3.238   2.079    5.03     4.1   1.034   5.332   8.713   6.863   5.216   6.356   2.486   5.434
   6.959   5.133   8.914   6.103   5.543     5.2   4.358   8.416   11.99   4.439   3.223   2.091   4.982   4.119   1.034   5.232   8.785   6.735   5.195   6.284    2.51   5.499
   6.996   5.133   8.992   6.077    5.68   5.173   4.326   8.339      12   4.416    3.21    2.08   4.932   4.117   1.025   5.145   8.858   6.547    5.15   6.207   2.516   5.587
   7.031   5.135   9.061   6.042   5.811   5.159   4.317   8.203   12.06   4.433   3.201   2.053   4.886   4.096   1.011   5.081   8.929   6.306   5.082    6.13   2.508    5.69
   7.063   5.142    9.12   5.998   5.925   5.158   4.329   8.025   12.15    4.49   3.197   2.013   4.846   4.058  0.9927   5.047   8.984   6.026   4.997   6.059   2.491   5.805
   7.089   5.144   9.171   5.954   6.015   5.166   4.358   7.821   12.26    4.58     3.2    1.97   4.817   4.007  0.9746   5.043   9.022   5.724   4.904   5.995   2.472   5.925
   7.103   5.143   9.202   5.918   6.078   5.182   4.398   7.605   12.39   4.696   3.208   1.934   4.805   3.949  0.9593   5.067   9.044   5.419   4.806   5.941   2.454   6.045
   7.112   5.137   9.227   5.897    6.11   5.202   4.445   7.399   12.51   4.825   3.223   1.911   4.812   3.888  0.9501   5.114   9.053    5.13   4.713   5.896   2.443   6.158
   7.118   5.127   9.249   5.898   6.114   5.225   4.493   7.217   12.61   4.958   3.243   1.906   4.839   3.828  0.9484   5.175   9.048   4.873   4.629   5.857   2.435   6.261
   7.126   5.118   9.276   5.927   6.096   5.248   4.536   7.078   12.69    5.08   3.267   1.916   4.887   3.772  0.9548   5.242   9.041   4.663   4.559   5.824    2.43   6.348
   7.141   5.111   9.314   5.985   6.062   5.269   4.573   6.987   12.73   5.183   3.294   1.935   4.952   3.723  0.9676   5.307   9.035   4.512   4.505   5.794   2.421   6.418
   7.172   5.115   9.374   6.069    6.02   5.288   4.603   6.953   12.74    5.26   3.319   1.955   5.029   3.682  0.9853   5.364   9.042   4.423   4.468   5.767   2.402   6.468
   7.221   5.135   9.454   6.172   5.982   5.306   4.628   6.978   12.71   5.305   3.343   1.967   5.111   3.649   1.006   5.408   9.064   4.396   4.446   5.742    2.37     6.5
   7.299   5.179    9.57   6.282   5.956   5.322    4.65   7.056   12.66   5.318   3.361    1.97   5.189   3.623   1.026   5.435   9.106   4.421   4.438   5.721    2.32   6.512
     7.4   5.257   9.694   6.387   5.948   5.341   4.675   7.181    12.6   5.301   3.372   1.957   5.254   3.604   1.043    5.44   9.165   4.485   4.442   5.704   2.254    6.51
    7.52   5.363   9.828   6.474   5.962   5.364   4.707   7.337   12.53   5.259   3.375   1.932   5.299   3.589   1.057   5.424   9.239   4.574   4.453   5.691   2.176   6.495
   7.669   5.495   9.997   6.531   5.998   5.392   4.747   7.513   12.48   5.202   3.369   1.898    5.32   3.578   1.064   5.385   9.319    4.67   4.471   5.683   2.089   6.471
   7.811   5.647   10.13   6.549   6.052   5.425   4.799    7.69   12.44   5.136   3.355    1.86   5.311   3.568   1.066   5.329   9.404   4.758   4.494   5.682   2.001   6.443
   7.947   5.807   10.24   6.526   6.117   5.464   4.859    7.85   12.43    5.07   3.333   1.827   5.275    3.56   1.059   5.259   9.476   4.824    4.52    5.69   1.918   6.413
   8.067   5.966   10.32   6.461   6.183   5.506   4.925   7.982   12.44    5.01   3.307   1.804   5.218   3.551   1.046   5.185    9.53   4.859   4.552    5.71   1.847   6.384
   8.154   6.105   10.35    6.36   6.242   5.548    4.99   8.071   12.46    4.96   3.279   1.798   5.146   3.542   1.026   5.115   9.564   4.857   4.588   5.742   1.796   6.357
   8.201   6.213   10.33   6.232   6.285   5.586   5.047    8.11    12.5    4.92   3.251   1.813   5.071   3.534   1.001   5.058   9.569   4.818   4.629    5.79   1.773   6.333
   8.204   6.286   10.26   6.092   6.304   5.616   5.089   8.099   12.52   4.888   3.226   1.849   5.007   3.528  0.9711   5.024   9.547    4.75   4.677   5.854   1.784    6.31
    8.16   6.311   10.14   5.955   6.295   5.635    5.11    8.04   12.53   4.861   3.205   1.905   4.962   3.526  0.9392   5.017   9.499   4.661   4.731   5.931   1.831   6.286
   8.061   6.289   9.958   5.837   6.258   5.642   5.105   7.942   12.51   4.834   3.185   1.977   4.947   3.529  0.9065   5.039   9.428   4.567   4.791   6.018   1.917    6.26
    7.93   6.221   9.761   5.752   6.191   5.634    5.07   7.818   12.43   4.806   3.169   2.062   4.964   3.541   0.876   5.085   9.345   4.482   4.854    6.11   2.037   6.227
   7.767   6.109   9.541   5.709   6.101   5.614   5.004   7.682   12.32   4.773   3.152   2.154   5.013   3.563  0.8497   5.148   9.259   4.421   4.916   6.198   2.182   6.187
    7.59   5.959   9.336   5.714   5.993   5.581   4.908   7.553   12.18   4.735   3.134   2.247   5.088   3.592  0.8288   5.221   9.182   4.395   4.974   6.278   2.342   6.139
   7.404   5.783    9.14   5.762   5.872   5.542   4.786   7.444      12   4.692   3.112   2.335   5.179    3.63   0.815   5.293   9.122   4.408   5.024   6.342   2.504    6.08
   7.225   5.593   8.972   5.847    5.75     5.5   4.641   7.369   11.82   4.644   3.086   2.414   5.278   3.673  0.8087   5.357   9.083   4.461   5.061   6.388   2.656   6.014
   7.063   5.397   8.846   5.957   5.634   5.462   4.482   7.336   11.64   4.592   3.056   2.478   5.372   3.719  0.8103   5.408   9.072   4.546   5.083   6.414   2.787   5.942
   6.921   5.204    8.76    6.08   5.531   5.433   4.315    7.35   11.48   4.537   3.022   2.525   5.453   3.765  0.8198   5.444   9.086   4.651   5.088    6.42   2.887   5.868
   6.807   5.028   8.713   6.202   5.448    5.42    4.15    7.41   11.37   4.481   2.986   2.554   5.513   3.809  0.8372   5.464   9.118   4.762   5.077   6.411    2.95   5.795
   6.729   4.881   8.707   6.311   5.391   5.427   3.996   7.513   11.32   4.426   2.951   2.564   5.547   3.848  0.8626    5.47    9.16   4.867    5.05   6.391   2.974   5.729
   6.677   4.768   8.722     6.4    5.36   5.456   3.866   7.648   11.35   4.375    2.92   2.559   5.553   3.883  0.8961   5.467     9.2   4.957   5.014   6.367   2.959   5.675
   6.653   4.691   8.755   6.462   5.354   5.509   3.766   7.802   11.44   4.334   2.898    2.54    5.53   3.912  0.9365   5.458   9.227   5.024   4.971   6.345    2.91   5.641
   6.656   4.654   8.799   6.496   5.373   5.584   3.703    7.96   11.59   4.305   2.888   2.514    5.48   3.935  0.9825   5.447   9.235   5.067    4.93   6.333   2.833   5.631
   6.674   4.653   8.837   6.505    5.41   5.677   3.678   8.107   11.77   4.291   2.895   2.482   5.408   3.952   1.031   5.439   9.218   5.085   4.893   6.335   2.738   5.647
   6.704   4.678   8.873   6.491   5.463   5.779   3.691   8.228   11.98   4.296   2.922   2.451   5.321   3.962    1.08   5.435   9.172   5.082   4.867   6.352   2.631   5.692
    6.74   4.723   8.898   6.463   5.525   5.884   3.732    8.31   12.18   4.317   2.971   2.424   5.228   3.969   1.124   5.438   9.096   5.063   4.856   6.387   2.524   5.765
   6.775   4.778   8.912   6.429   5.591   5.979   3.794   8.343   12.34   4.354   3.039   2.402    5.14   3.971   1.161   5.448   8.998   5.035   4.857   6.436   2.424   5.861
   6.805   4.831   8.917   6.399   5.657   6.059   3.865   8.323   12.46     4.4   3.124   2.388   5.069    3.97   1.186   5.463   8.884   5.004   4.871   6.493   2.336   5.972
   6.829   4.877    8.92   6.378    5.72   6.114   3.939   8.251   12.52    4.45   3.218   2.378   5.024   3.965   1.197   5.482    8.77   4.979   4.893   6.554   2.265   6.089
   6.852   4.919   8.921   6.374   5.776    6.14   4.005    8.13   12.52   4.497   3.314   2.372   5.014   3.958   1.192   5.501   8.665   4.965   4.918   6.611    2.21   6.203
   6.871    4.95   8.928   6.389   5.824   6.134   4.058   7.973   12.46   4.538   3.404   2.366    5.04   3.948   1.171   5.515   8.581   4.968   4.942   6.657   2.171   6.304
   6.889   4.969   8.946   6.422   5.863   6.097   4.096   7.789   12.34   4.568   3.479   2.354   5.098   3.936   1.135   5.521   8.531   4.989    4.96   6.687   2.144   6.383
   6.908   4.977   8.976   6.468   5.892   6.032   4.115     7.6   12.19   4.589   3.532   2.334   5.178   3.923   1.086   5.514   8.521   5.028   4.968   6.693   2.126   6.434
    6.93   4.976   9.022    6.52   5.912   5.946   4.119   7.422   12.03     4.6   3.558     2.3   5.267   3.909   1.029    5.49   8.554   5.081   4.963   6.673   2.114   6.453
   6.955   4.969    9.08   6.571   5.921   5.847   4.109   7.274   11.85   4.606   3.555   2.253    5.35   3.896  0.9674   5.448   8.626   5.144   4.946   6.628   2.103    6.44
   6.981   4.959   9.146   6.609    5.92   5.745    4.09   7.169   11.71    4.61   3.522   2.192   5.416   3.887  0.9086   5.387   8.729    5.21   4.918   6.557   2.095   6.393
   7.006   4.948   9.209   6.631   5.909   5.648   4.067   7.119   11.59   4.617   3.462    2.12   5.453   3.883  0.8583    5.31   8.851   5.273   4.882   6.463   2.086   6.319
   7.021   4.928   9.262    6.63   5.887   5.566   4.047   7.126   11.55   4.631    3.38   2.044   5.455   3.888  0.8229   5.219   8.977   5.329   4.843   6.353   2.078   6.223
   7.031   4.912   9.301   6.605   5.853   5.501   4.035   7.187   11.56   4.657   3.283   1.971   5.421   3.904  0.8063   5.122   9.087   5.373   4.809   6.234   2.071   6.114
   7.033   4.904   9.313    6.56   5.808   5.457   4.037   7.292   11.63   4.695   3.182   1.909   5.353   3.932  0.8108   5.023   9.176   5.406   4.785   6.115   2.069       6
    7.03   4.902   9.308   6.499   5.755   5.434   4.058   7.432   11.75   4.746   3.086   1.866    5.26   3.973  0.8359   4.932    9.23    5.43   4.783   6.004   2.074    5.89
   7.019    4.91   9.277   6.428   5.691   5.427   4.099   7.591    11.9   4.808   3.005   1.848   5.151   4.028  0.8788   4.856   9.244   5.449   4.807   5.914   2.089   5.797
   7.006    4.93   9.229   6.359   5.622   5.429   4.161   7.753   12.05   4.874   2.946   1.852   5.041   4.092  0.9343   4.801   9.217   5.468   4.862   5.848   2.115   5.728
   6.996   4.963   9.173   6.299    5.55   5.432   4.242   7.907   12.18   4.943   2.917   1.878   4.946   4.163  0.9961   4.774   9.154   5.492   4.947   5.816    2.15   5.688
   6.991   5.011    9.11   6.257   5.477   5.428    4.34   8.039   12.28   5.004   2.919   1.917   4.881   4.234   1.057   4.777   9.062   5.525   5.056   5.817   2.191   5.683
   7.004   5.077   9.068   6.234    5.41   5.408   4.446   8.137   12.32   5.051   2.947   1.961   4.855   4.299   1.109    4.81   8.951   5.569   5.179   5.848   2.237   5.711
   7.042   5.162   9.056   6.232   5.355   5.366   4.556   8.197   12.32   5.077   2.996   2.005   4.877   4.349   1.146   4.871   8.839   5.621   5.304   5.905   2.282    5.77
   7.106    5.26   9.081   6.248   5.311   5.298   4.662   8.212   12.25   5.076   3.058   2.042   4.949   4.377   1.161   4.955   8.743   5.677   5.414   5.979   2.321   5.853
   7.199   5.371   9.155   6.276   5.289   5.204   4.757   8.181   12.14   5.044   3.124   2.068   5.064   4.377   1.151   5.057   8.673    5.73   5.494   6.059    2.35   5.954
   7.321   5.493   9.278   6.307   5.289   5.086   4.835   8.106      12    4.98   3.184   2.082   5.213   4.344   1.113   5.169   8.646    5.77   5.533   6.134   2.366   6.063
   7.482   5.623   9.472   6.335   5.312    4.95   4.892   7.996   11.84   4.886    3.23   2.083   5.383   4.276   1.049   5.284   8.664   5.788   5.522   6.194   2.367   6.173
   7.645    5.75   9.675   6.355   5.361   4.808   4.924    7.86   11.71   4.766   3.259   2.071   5.559   4.175  0.9666   5.395   8.732   5.776   5.456   6.233   2.352   6.274
    7.83   5.871   9.927   6.361   5.432   4.674   4.931   7.709   11.61   4.627   3.265    2.05   5.729   4.046  0.8787   5.494    8.84   5.727   5.338   6.247   2.322   6.362
   8.015   5.985   10.19   6.355   5.521   4.562   4.912   7.555   11.56   4.479   3.247   2.022   5.882   3.896   0.806   5.578   8.982   5.637   5.174   6.233    2.28    6.43
   8.185   6.082   10.44   6.339   5.625   4.485    4.87   7.416   11.58   4.332    3.21   1.991   6.006   3.737  0.7734   5.642   9.139   5.506   4.974   6.194   2.231   6.478
    8.33   6.157   10.66   6.318   5.738   4.456   4.809   7.297   11.65   4.198   3.158   1.961   6.097   3.582  0.7959   5.683   9.297   5.337   4.755   6.134   2.179   6.502
   8.441   6.212   10.83   6.301   5.853   4.478   4.733   7.209   11.78   4.086   3.098   1.937   6.151   3.446  0.8701   5.703   9.439    5.14   4.537   6.061   2.132   6.505
   8.514   6.242   10.95   6.299   5.966   4.547    4.65   7.156   11.94   4.004   3.042   1.923   6.168    3.34  0.9774   5.701    9.55    4.93   4.335   5.983   2.095   6.488
   8.535   6.246   10.99   6.324   6.069   4.657   4.567   7.138   12.11   3.956       3   1.921   6.153   3.274   1.095   5.681   9.615   4.733    4.17   5.908    2.07   6.455
   8.514   6.233   10.96   6.383   6.158   4.794    4.49    7.15   12.27   3.944   2.982   1.932   6.114   3.253   1.205   5.646   9.632   4.578   4.053   5.844   2.059    6.41
   8.458   6.208   10.87    6.48   6.229   4.944   4.428   7.186   12.41   3.965   2.994   1.953    6.06   3.277   1.294   5.602   9.598   4.498   3.992   5.798    2.06   6.359
   8.361    6.17   10.71   6.615   6.282   5.095   4.386   7.237   12.48   4.015   3.036   1.982   6.001   3.342   1.357   5.553   9.515   4.522   3.988   5.774    2.07   6.305
    8.25   6.133   10.52   6.783   6.314   5.233   4.367   7.298   12.48   4.086   3.107   2.012   5.947   3.437   1.393   5.506    9.39   4.657   4.037   5.772   2.085   6.253
   8.127   6.108   10.29   6.969   6.329   5.348   4.374   7.363   12.42   4.171   3.201   2.041   5.908   3.555   1.402   5.464   9.236    4.89    4.13   5.793   2.103   6.208
   8.004   6.085   10.06   7.159   6.325   5.432   4.402   7.424   12.28   4.263    3.31   2.066   5.892   3.685   1.391   5.433   9.073    5.19   4.254   5.832   2.121   6.171
   7.895   6.082   9.835   7.335   6.308   5.477   4.447    7.48   12.06   4.351   3.423   2.083   5.899   3.815   1.363   5.415   8.913   5.518   4.394   5.884   2.137   6.145
   7.817   6.082   9.674   7.478   6.281   5.482     4.5   7.528   11.81   4.431   3.534   2.093   5.929   3.934   1.323   5.411   8.779   5.833   4.538   5.942   2.153    6.13
   7.766   6.094   9.556   7.573   6.248   5.446   4.554   7.566   11.53   4.497   3.631   2.096   5.974   4.036   1.272   5.422   8.681   6.099   4.672   5.998   2.166   6.126
   7.733   6.099   9.482   7.606   6.214   5.373   4.599   7.596   11.26   4.547    3.71   2.093   6.025   4.109   1.209   5.445   8.631   6.284   4.783   6.043   2.178   6.133
    7.72   6.095   9.459   7.568   6.182   5.273   4.631   7.623   11.03    4.58   3.765   2.088   6.069   4.151   1.131   5.477    8.63   6.366   4.863   6.072   2.187    6.15
   7.714   6.075   9.469   7.455   6.154   5.162   4.644   7.648   10.88   4.599   3.793   2.082   6.096   4.157   1.034   5.514   8.677   6.332   4.902   6.078   2.195   6.174
   7.712   6.036   9.507    7.27   6.134   5.059   4.636   7.679   10.83   4.607   3.791   2.081   6.097   4.128  0.9155   5.552   8.763   6.178   4.902    6.06   2.204   6.204
    7.71   5.975   9.567   7.022   6.121   4.989   4.608   7.715   10.88   4.611   3.763   2.084   6.065   4.068  0.7795   5.586    8.88   5.911   4.863   6.018   2.216   6.238
     7.7   5.896   9.631   6.727   6.116   4.973   4.564   7.763   11.04   4.618   3.713   2.096       6   3.987  0.6384   5.612   9.015   5.547   4.796   5.955   2.238   6.273
   7.681   5.801   9.695   6.402   6.118   5.028   4.507   7.819   11.26   4.634   3.646   2.117   5.904   3.893   0.523   5.629   9.155   5.111   4.713    5.88   2.272   6.307
   7.653   5.695   9.749   6.078   6.127   5.155   4.445   7.882   11.54   4.665   3.571   2.146   5.784   3.801  0.4837   5.634   9.293   4.633    4.63   5.801   2.321   6.338
   7.621   5.585     9.8   5.781    6.14   5.346   4.382   7.949   11.82   4.715   3.497   2.181    5.65   3.722  0.5494   5.628   9.417   4.146   4.566   5.731   2.386   6.363
   7.569   5.471   9.815   5.538   6.158   5.581   4.326   8.012   12.09   4.784   3.434   2.216   5.514   3.665  0.6803   5.612   9.521   3.686   4.531   5.678    2.46   6.382
   7.524   5.368   9.831    5.37   6.177   5.834   4.281   8.066   12.32   4.869   3.387   2.248   5.387   3.638  0.8287   5.589   9.604   3.286   4.534   5.654   2.536   6.394
   7.475   5.279   9.826   5.291   6.195   6.079   4.253   8.104    12.5   4.965   3.359    2.27   5.279   3.638  0.9647   5.563   9.666   2.975   4.573   5.664   2.603   6.397
   7.433   5.209   9.813   5.298   6.213   6.291   4.242   8.117   12.61   5.067   3.349   2.278   5.196    3.66    1.07   5.537   9.707   2.781    4.64   5.708   2.651   6.393
   7.404   5.166   9.799   5.375   6.229   6.452   4.254   8.103   12.66   5.167    3.35   2.268   5.141   3.694   1.135   5.515   9.729   2.719   4.722   5.785   2.669   6.383
     7.4   5.154   9.804   5.504   6.242    6.55   4.287   8.056   12.63   5.257   3.356   2.238   5.113   3.729   1.153   5.501   9.744   2.794   4.804   5.888   2.654   6.369
   7.416   5.176   9.813   5.659   6.254   6.577    4.34   7.982   12.57    5.33   3.357    2.19   5.106   3.759   1.126   5.495   9.754   2.993   4.873   6.011   2.604   6.355
   7.464   5.236   9.849    5.82   6.265   6.532   4.409    7.88   12.46   5.379   3.348   2.125   5.115   3.774   1.057   5.501   9.768   3.295    4.92   6.144   2.519   6.342
   7.554   5.332   9.932    5.97   6.275   6.419   4.491   7.763   12.31   5.402   3.324   2.051   5.133   3.773  0.9541   5.517   9.785   3.674   4.938    6.28   2.408   6.337
   7.662   5.453   10.03   6.096   6.286   6.247   4.579    7.64   12.17   5.395   3.282   1.974   5.155   3.754  0.8264   5.542   9.805   4.097   4.925   6.411   2.277    6.34
   7.782   5.591   10.13   6.192   6.297   6.029   4.666   7.524   12.03   5.359   3.223   1.903   5.174   3.721  0.6866   5.573    9.83   4.536   4.883   6.529   2.141   6.355
   7.898   5.731   10.22   6.252    6.31    5.78   4.744   7.423   11.92   5.293   3.152   1.847   5.189   3.678  0.5487   5.607   9.852   4.958   4.816   6.631    2.01   6.382
   7.998    5.86   10.29   6.278   6.324    5.52   4.808   7.349   11.84   5.202   3.074    1.81   5.195   3.631  0.4343    5.64    9.86   5.338   4.734   6.711   1.899   6.421
   8.075   5.972   10.33   6.276   6.338   5.269   4.851    7.31    11.8   5.091   2.994   1.795   5.194   3.589  0.3632   5.667   9.862   5.653   4.646   6.766   1.817   6.468
   8.132   6.053   10.36   6.253   6.351   5.045    4.87   7.307   11.81   4.967   2.922   1.803   5.186   3.563  0.3447   5.685   9.839   5.891   4.567   6.796   1.772   6.522
    8.15   6.097   10.35    6.22   6.363   4.866   4.861   7.338   11.84   4.836   2.867   1.828   5.177   3.559  0.3874   5.692   9.797   6.044    4.51   6.801   1.766   6.574
   8.132     6.1   10.31   6.192   6.371   4.746   4.825   7.396   11.87   4.704   2.835   1.867   5.167   3.586  0.4809   5.684   9.735   6.114    4.49   6.786   1.801   6.617
   8.069   6.061   10.22   6.179   6.375   4.687   4.763    7.47   11.89   4.578   2.832   1.915   5.165   3.648  0.6082    5.66   9.654   6.111    4.52   6.756   1.871   6.649
   7.972   5.986    10.1   6.193   6.372   4.687   4.679   7.548   11.88   4.463    2.86   1.964   5.175   3.742  0.7557   5.623   9.559   6.048   4.602   6.717   1.969   6.661
   7.839   5.878   9.939   6.239   6.362   4.734   4.573   7.613   11.83   4.362   2.917   2.011   5.203   3.865  0.9138   5.573   9.462   5.939   4.736   6.675   2.085   6.649
   7.687   5.743   9.768   6.321   6.342   4.811   4.455   7.652   11.73   4.277       3   2.052   5.251   4.004   1.073   5.514   9.362     5.8   4.907   6.637    2.21   6.613
    7.53   5.589   9.609   6.436   6.314   4.902   4.329   7.656   11.59   4.211   3.101    2.08   5.321   4.146   1.222   5.449   9.268   5.643     5.1   6.605    2.33   6.549
   7.367   5.424   9.448   6.572   6.274    4.99   4.201   7.614   11.41   4.164    3.21   2.096   5.411    4.28   1.353   5.383   9.194   5.477   5.295   6.581   2.436   6.462
   7.199   5.258   9.278   6.718   6.228   5.062    4.08    7.52    11.2   4.135   3.319   2.097   5.517   4.391   1.455   5.319   9.136   5.305   5.471   6.561   2.515   6.354
   7.048   5.097   9.137   6.858   6.176   5.113    3.97   7.379   10.98   4.125   3.421   2.085   5.629   4.469   1.523   5.259   9.102   5.128   5.611    6.54   2.563   6.232
    6.92   4.957   9.023   6.981   6.117   5.138   3.878   7.197   10.78   4.132   3.505   2.062   5.738   4.506   1.553   5.205   9.091   4.946   5.705   6.512   2.575   6.103
    6.82   4.841   8.939   7.076   6.058   5.139   3.809   6.984   10.62   4.158    3.57   2.034   5.836   4.499   1.543   5.158   9.104   4.763   5.742   6.468   2.551   5.974
    6.75   4.754   8.887   7.135   5.998   5.121   3.765    6.76    10.5   4.199   3.609   2.007   5.914   4.448   1.499   5.115   9.126   4.583   5.723   6.405   2.498   5.855
    6.71   4.699   8.863   7.155   5.942    5.09   3.749   6.543   10.45   4.256   3.625   1.987   5.965   4.356   1.426   5.077   9.155   4.412    5.65   6.316   2.425   5.752
   6.695   4.673    8.86   7.139   5.892   5.055   3.759   6.356   10.47   4.328   3.616   1.978   5.987   4.233   1.336   5.042   9.183   4.262   5.533   6.203   2.344   5.673
   6.704   4.676   8.875    7.09    5.85   5.024   3.794   6.219   10.54    4.41   3.589   1.984   5.978   4.089   1.241   5.009   9.196   4.144   5.382   6.067   2.267    5.62
   6.731   4.703   8.902    7.02   5.818   5.003   3.852   6.147   10.68   4.503   3.548   2.003   5.943   3.937   1.153   4.976   9.193    4.07   5.211   5.913   2.207   5.594
   6.771    4.75   8.934   6.943   5.795   4.997   3.927   6.147   10.85     4.6   3.499   2.033   5.886   3.793   1.087   4.946   9.158   4.054    5.04   5.749   2.171   5.595
   6.817   4.809   8.966    6.87   5.781   5.009   4.013   6.213   11.04   4.698   3.449   2.072   5.817   3.669   1.049   4.917   9.102   4.104    4.88   5.582   2.162   5.617
   6.864   4.876   8.991   6.813   5.774   5.035   4.106   6.334   11.24   4.793   3.403   2.114   5.744   3.576   1.041   4.891    9.02   4.223   4.749   5.423   2.175   5.653
   6.907   4.943   9.011    6.78    5.77   5.071   4.197   6.492   11.41   4.878   3.365   2.156   5.674   3.521   1.056    4.87   8.918   4.409   4.654   5.278   2.205   5.696
   6.945   5.006   9.022   6.772   5.767    5.11   4.282   6.665   11.57   4.947   3.334   2.196   5.615   3.502   1.086   4.855   8.802   4.647   4.602   5.157   2.246   5.739
   6.974   5.062   9.022   6.786    5.76   5.144   4.352   6.831   11.67   4.998   3.313   2.231    5.57   3.514   1.122   4.847   8.683   4.918   4.592   5.064   2.291   5.775
   6.992   5.107   9.011   6.811   5.748   5.165   4.405   6.965   11.72   5.026   3.298   2.258    5.54   3.545   1.154   4.847    8.57   5.194   4.615   5.004   2.338   5.796
   6.997   5.135    8.99   6.835   5.726   5.166   4.437   7.051   11.72   5.029   3.286   2.276   5.523   3.582   1.178   4.856   8.472   5.445    4.66    4.98   2.384   5.802
   6.984   5.141   8.957   6.845   5.695   5.142   4.445   7.075   11.66   5.008   3.274   2.282   5.515   3.612   1.186   4.872   8.395   5.641   4.713   4.989   2.429   5.789
   6.956   5.128   8.913   6.828   5.656   5.092   4.431   7.028   11.57   4.965   3.259   2.277   5.509   3.622   1.176   4.895   8.343   5.758   4.761    5.03   2.469    5.76
   6.916   5.096   8.864   6.776   5.609   5.016   4.397   6.909   11.46   4.902    3.24   2.263   5.498   3.608   1.145   4.925    8.32   5.775   4.789   5.097   2.506   5.718
   6.865   5.048    8.81   6.685   5.558    4.92   4.345   6.726   11.35   4.825   3.218   2.243   5.476   3.565   1.095   4.959   8.325   5.683   4.791   5.182   2.535   5.672
   6.806   4.988   8.752   6.555   5.507   4.811   4.282   6.494   11.27   4.741   3.191   2.225    5.44   3.495   1.026   4.996   8.355   5.483   4.761   5.277    2.56   5.626
   6.743   4.921   8.693    6.39   5.459   4.701   4.214   6.236   11.24   4.655   3.163   2.217   5.385   3.403  0.9472   5.034   8.409   5.184     4.7   5.376   2.579    5.59
   6.681   4.856   8.635   6.199   5.419   4.604   4.146   5.981   11.26   4.574   3.138   2.225   5.313     3.3    0.87   5.071   8.478   4.807   4.616   5.471   2.597   5.573
   6.627     4.8   8.583   5.997   5.391   4.533   4.086   5.764   11.36   4.503   3.121   2.255   5.226   3.201  0.8133   5.107   8.558   4.383   4.518   5.558   2.617   5.579
   6.589   4.762   8.545   5.798    5.38   4.502    4.04   5.618    11.5   4.446   3.115   2.306    5.13   3.121  0.7925   5.142   8.641   3.948   4.419   5.637   2.642    5.61
   6.572   4.751   8.522    5.62   5.387   4.516   4.014   5.566   11.68   4.406   3.124    2.37   5.033   3.076  0.8133   5.175   8.726   3.543   4.337   5.708   2.674   5.668
   6.585   4.771   8.526   5.483   5.414   4.579   4.011   5.618   11.89   4.384    3.15   2.439   4.945   3.075  0.8687   5.207   8.807   3.213   4.284   5.776   2.711   5.747
   6.628   4.824   8.559   5.402   5.459   4.686   4.032   5.766   12.08   4.377   3.193     2.5   4.877   3.125  0.9451    5.24   8.885   2.996   4.274   5.846   2.748   5.843
   6.703   4.907   8.625   5.389   5.522   4.827   4.074   5.991   12.25   4.383   3.248   2.539   4.839   3.223   1.027   5.275   8.959   2.924   4.311   5.924   2.779   5.945
