   6.215   9.369   6.844   7.654   4.149   5.733   4.495   3.232   4.103   1.641    1.29    5.32   2.661   9.163   14.13   2.189   10.83   7.812
   6.193   9.482   6.849    7.66   4.187   5.864   4.472    3.19   4.055   1.684   1.261   5.329   2.636   9.184   14.18   2.244   10.78   7.923
   6.149   9.618   6.837   7.646   4.215   6.049   4.465   3.136   4.005   1.763   1.247   5.353   2.649   9.243   14.23   2.319   10.74    7.98
   6.083   9.756   6.813   7.612   4.233   6.268   4.475   3.067   3.957    1.87   1.247   5.385   2.699   9.338   14.27   2.405    10.7   7.982
   5.997   9.882   6.776   7.567   4.242   6.498   4.499   2.987   3.916   1.994   1.259    5.42   2.779   9.459   14.31   2.489   10.67    7.93
   5.895   9.982   6.727   7.509   4.246   6.722   4.536   2.898   3.886   2.121   1.276   5.455   2.877   9.598   14.34   2.564   10.65   7.831
   5.784   10.06   6.672    7.45   4.245   6.923   4.583   2.803   3.868   2.239   1.296   5.483   2.983   9.734   14.37   2.621   10.62   7.698
   5.672    10.1   6.613    7.39   4.246   7.091   4.638   2.709   3.864   2.336   1.313   5.504   3.083    9.86    14.4   2.656   10.61   7.546
   5.567    10.1   6.552   7.329    4.25   7.218   4.699   2.621   3.869   2.403   1.324   5.517   3.167   9.955   14.43   2.665   10.61   7.399
   5.478    10.1   6.493   7.272   4.259   7.303   4.764   2.542    3.88   2.435   1.326   5.522   3.229   10.01   14.47   2.649   10.61   7.274
   5.411   10.08   6.436   7.221   4.272   7.348   4.832    2.48   3.894   2.432   1.318   5.521   3.263   10.02   14.52   2.611   10.62   7.194
   5.369   10.06   6.385   7.171    4.29   7.359   4.899   2.437   3.908   2.397     1.3   5.515   3.269   9.976   14.57   2.555   10.65   7.172
   5.355   10.04    6.34   7.125    4.31   7.345   4.965   2.415   3.917   2.339   1.272   5.505   3.251   9.886   14.63   2.491   10.66   7.217
   5.366   10.03   6.302   7.079   4.328   7.321    5.03   2.412   3.922    2.27   1.242   5.496   3.212    9.75   14.69    2.43   10.68    7.33
     5.4   10.03   6.271   7.029    4.34   7.296   5.094   2.429    3.92   2.201   1.214    5.49   3.164   9.581   14.74   2.381    10.7   7.506
   5.452   10.05   6.245   6.978   4.341   7.283   5.159    2.46   3.913   2.143   1.199   5.488   3.116   9.387   14.79   2.354    10.7   7.735
   5.517   10.07   6.224   6.926   4.327    7.29   5.229     2.5   3.901   2.104   1.206   5.488   3.079   9.186   14.81   2.358   10.69   8.001
   5.587    10.1   6.206   6.872   4.296    7.32   5.303   2.541   3.889   2.084   1.241   5.496   3.063   8.991   14.81   2.394   10.65   8.285
   5.657   10.12   6.187   6.818   4.246   7.368   5.386   2.577   3.876   2.079   1.303   5.508   3.074    8.82   14.79    2.46    10.6   8.566
   5.721   10.13   6.166   6.767   4.177   7.431   5.474   2.603   3.865    2.08   1.386   5.523   3.111   8.685   14.73   2.548   10.53   8.828
   5.776   10.13   6.142   6.724   4.092   7.497   5.567   2.614   3.857   2.082   1.479   5.542    3.17   8.598   14.65   2.649   10.44    9.05
   5.818   10.11   6.111   6.686   3.995   7.555   5.657   2.604   3.849   2.077   1.571   5.562   3.245   8.565   14.55   2.749   10.36   9.208
   5.846   10.07   6.076   6.659   3.893   7.593    5.74   2.574   3.842   2.065   1.649   5.586   3.324   8.584   14.44    2.84   10.28   9.298
   5.859   10.01   6.037   6.645    3.79   7.602   5.808   2.525   3.831   2.043   1.705   5.613   3.399   8.652   14.32   2.913   10.22   9.304
   5.858    9.94   5.997   6.644   3.693   7.576   5.855   2.459   3.813   2.018   1.732   5.644   3.462   8.754   14.21    2.96    10.2   9.233
   5.845   9.863   5.957   6.655    3.61   7.513   5.877   2.382   3.785   1.987   1.725   5.681   3.503   8.875   14.13   2.975   10.21   9.088
   5.821   9.784   5.924   6.675   3.545   7.414   5.872     2.3   3.745   1.955   1.683   5.725    3.52   8.995   14.08   2.958   10.28   8.892
   5.788   9.714   5.898   6.704   3.504   7.286   5.839   2.223   3.689   1.921   1.607   5.778   3.509   9.096   14.06    2.91   10.39    8.67
   5.745    9.66   5.882   6.735   3.489   7.139   5.778   2.158   3.619   1.883   1.502   5.839    3.47   9.163   14.09   2.835   10.55   8.455
   5.695   9.621   5.879   6.771   3.501   6.983   5.697   2.114   3.536   1.841   1.374   5.908   3.408   9.186   14.16   2.742   10.74    8.28
   5.636   9.602   5.887   6.802    3.54   6.833   5.599   2.093   3.442   1.796   1.231   5.983   3.327   9.158   14.26   2.643   10.94   8.173
   5.569     9.6   5.909   6.829   3.603   6.702   5.493   2.101   3.343   1.755   1.088    6.06   3.238   9.083   14.39   2.551   11.15   8.148
   5.495   9.608   5.941   6.852   3.686   6.601   5.387   2.137   3.245   1.728  0.9594   6.136   3.152   8.965   14.52   2.478   11.34   8.207
   5.417   9.625   5.981    6.87   3.784   6.539   5.288   2.194   3.159   1.726  0.8709   6.203   3.078   8.816   14.66   2.437   11.49   8.337
   5.338   9.645   6.024   6.889    3.89   6.518   5.204   2.267   3.094   1.757  0.8489   6.258   3.027   8.648   14.78   2.433   11.59   8.514
   5.263   9.664   6.067   6.906   3.998   6.535   5.144   2.348   3.059   1.825  0.8981   6.293   3.004    8.48   14.87   2.463   11.64   8.712
   5.198   9.685   6.104    6.93   4.102   6.585    5.11   2.429   3.059   1.923       1   6.301    3.01   8.326   14.92   2.519   11.62   8.905
   5.149   9.705   6.132   6.961   4.194   6.656   5.105   2.505   3.097   2.037   1.134   6.279   3.039   8.203   14.95   2.592   11.55   9.074
   5.123    9.73   6.149   7.004   4.271   6.737   5.129   2.568    3.17   2.152   1.284   6.226   3.084    8.12   14.93   2.668   11.42   9.206
   5.121   9.762    6.15   7.057   4.328   6.815   5.178   2.614   3.274   2.252   1.436   6.143   3.137   8.086   14.88   2.738   11.26   9.295
   5.142   9.806   6.135    7.12   4.363   6.881   5.245   2.639   3.398   2.328   1.581   6.033   3.189   8.102    14.8   2.796   11.08   9.336
   5.184    9.86   6.106    7.19   4.372   6.927   5.321   2.645   3.534   2.372   1.707   5.904   3.232   8.164    14.7   2.835    10.9   9.326
   5.237   9.925   6.061   7.257   4.358   6.951   5.399   2.628   3.672    2.38    1.81   5.767   3.261   8.265    14.6   2.855   10.76   9.273
   5.295   9.993   6.003   7.323   4.322    6.95   5.471   2.592   3.802   2.355   1.881   5.633   3.271   8.392   14.51   2.857   10.65   9.181
   5.349   10.08   5.934   7.373   4.268    6.93   5.529   2.542   3.917     2.3   1.917   5.515   3.264   8.534   14.43   2.842    10.6   9.051
    5.39   10.16   5.861   7.407     4.2   6.894   5.568   2.481   4.007   2.225   1.914   5.425   3.239   8.673   14.38   2.813   10.62   8.896
   5.412   10.24   5.787    7.42   4.122   6.853   5.585   2.415   4.068    2.14   1.875   5.371   3.199   8.796   14.37   2.778    10.7   8.731
   5.408    10.3   5.719    7.41   4.038   6.813   5.579    2.35   4.097   2.058   1.798   5.354    3.15   8.894   14.39   2.741   10.82    8.57
   5.374   10.35   5.662   7.373   3.955   6.782   5.552    2.29   4.092   1.992    1.69   5.375   3.097    8.96   14.43   2.706   10.99    8.43
   5.308   10.38   5.622    7.32   3.876   6.765   5.506   2.239   4.056   1.954   1.558   5.425   3.049    8.99   14.49    2.68   11.17   8.329
   5.211   10.37   5.604   7.253   3.805   6.765   5.445   2.198    3.99   1.952   1.411   5.497   3.012    8.99   14.56   2.667   11.35   8.273
   5.087   10.35   5.608   7.178   3.743   6.782   5.374   2.169   3.901   1.991   1.262   5.581   2.994   8.966   14.64   2.667    11.5   8.266
   4.941    10.3   5.635   7.107   3.695   6.812   5.298    2.15   3.798   2.067   1.123   5.667   2.998    8.93   14.69   2.681   11.62   8.303
   4.784   10.24   5.682   7.049    3.66   6.849   5.225   2.142   3.688   2.171   1.012   5.748   3.022   8.897   14.72   2.706    11.7   8.371
   4.628   10.17   5.744   7.013   3.639   6.887   5.159   2.141   3.584    2.29  0.9443   5.816   3.065   8.875   14.73   2.739   11.73   8.454
   4.488   10.08   5.812   7.003   3.632   6.919   5.106   2.151   3.493   2.412  0.9283   5.868   3.117   8.874    14.7   2.774   11.72    8.53
   4.382   9.999   5.882   7.023   3.639   6.939   5.071   2.165   3.425   2.521  0.9571   5.898   3.172   8.894   14.65   2.807   11.66   8.587
   4.325   9.937   5.943   7.071   3.658   6.943    5.06   2.189   3.385   2.607   1.016   5.908   3.222   8.933   14.57   2.833   11.58   8.615
    4.33   9.868   5.992    7.14   3.687   6.926   5.075    2.22   3.375    2.66   1.092   5.896   3.259   8.981   14.47   2.851    11.5   8.612
   4.405   9.812   6.025    7.22   3.726    6.89   5.115   2.258   3.392   2.674   1.172   5.864   3.279   9.025   14.35   2.858   11.41   8.584
   4.548    9.76   6.038   7.303   3.773   6.839   5.182   2.303   3.434   2.645   1.248   5.817   3.279   9.055   14.24   2.856   11.36   8.539
   4.748   9.716   6.034   7.381   3.824    6.78   5.269   2.356   3.491   2.576   1.316   5.758   3.259   9.058   14.12   2.848   11.32   8.489
    4.99   9.676   6.012   7.436   3.877   6.723   5.374   2.414   3.561   2.472   1.373   5.692   3.221   9.028   14.01   2.836   11.32   8.449
   5.253   9.642   5.977   7.466   3.933   6.677   5.487   2.474   3.631   2.341   1.417   5.629    3.17   8.963   13.92   2.826   11.35   8.432
   5.519   9.613    5.93   7.467   3.987   6.653   5.601   2.536     3.7   2.197   1.449    5.57   3.113   8.861   13.84   2.821   11.41   8.448
   5.768    9.59   5.877    7.43    4.04   6.659   5.708   2.595    3.76   2.053    1.47   5.521   3.056   8.727   13.76   2.822   11.47   8.504
   5.983   9.571   5.823   7.356   4.092   6.694   5.801   2.654   3.808   1.923    1.48   5.481   3.009   8.567   13.69    2.83   11.53   8.598
   6.153   9.559   5.772   7.254   4.142   6.754   5.871   2.708   3.843   1.821   1.483   5.453   2.975   8.389   13.64   2.839   11.59   8.721
   6.266   9.552   5.728   7.128   4.188    6.83   5.912   2.756   3.863   1.753   1.483   5.431   2.959   8.206   13.58   2.848   11.61   8.862
   6.318   9.551   5.699   6.991   4.232   6.907   5.922     2.8   3.869   1.718    1.48   5.412    2.96    8.03   13.52    2.85   11.61   9.006
   6.308   9.559   5.688   6.852   4.272   6.969   5.894   2.838   3.861    1.71   1.475   5.393   2.974   7.881   13.47   2.837   11.58   9.127
   6.242   9.581   5.699    6.73   4.305   7.001   5.831   2.873   3.844   1.721   1.469   5.371   2.996   7.779   13.41   2.805   11.52   9.209
   6.126   9.622   5.736    6.64   4.329   6.992   5.732   2.904   3.821   1.743    1.46   5.346    3.02   7.742   13.36    2.75   11.44   9.231
   5.975   9.695   5.797   6.593   4.341   6.937   5.603   2.933   3.796   1.769   1.447   5.318    3.04   7.787   13.33   2.672   11.34   9.181
   5.804   9.802   5.882   6.598   4.335   6.834   5.447   2.962   3.776   1.795   1.429   5.291   3.054   7.924    13.3   2.571   11.26   9.052
   5.632   9.956   5.986   6.656   4.308   6.687   5.273    2.99   3.761   1.819   1.406    5.27   3.058   8.149   13.28    2.45   11.18   8.851
   5.474   10.15   6.102   6.761   4.259   6.503    5.09   3.018   3.757   1.838   1.378   5.259   3.049   8.449   13.31   2.315   11.14   8.585
   5.348   10.38   6.226   6.901   4.186   6.297   4.908   3.044   3.764   1.853   1.347   5.262   3.029   8.798   13.36   2.174   11.14   8.277
   5.263   10.63   6.351   7.065   4.091   6.081   4.739   3.067   3.783   1.863   1.315   5.285   2.998   9.167   13.44   2.038   11.18   7.949
   5.222   10.89   6.472   7.231   3.975   5.872   4.593   3.085   3.812   1.867   1.285   5.327   2.957    9.52   13.56   1.917   11.27   7.631
   5.223   11.12   6.584   7.389   3.845   5.688   4.481   3.097   3.847   1.867    1.26   5.389   2.911   9.833    13.7   1.823   11.39   7.352
   5.257   11.31   6.688   7.524   3.706   5.548   4.408   3.099   3.886   1.866   1.244   5.466   2.863   10.08   13.86   1.768   11.53   7.131
   5.312   11.44   6.782   7.628   3.565   5.468   4.381    3.09   3.925   1.867   1.239   5.549   2.819   10.25   14.02   1.757   11.67   6.983
   5.376    11.5   6.865   7.693   3.431    5.46   4.398   3.069   3.958   1.876    1.25   5.632   2.787   10.33   14.17   1.793   11.77   6.909
   5.437   11.46   6.939   7.723    3.31   5.527   4.457   3.037   3.985   1.896   1.277   5.702   2.774   10.31   14.29   1.869   11.84   6.905
   5.486   11.34   7.005   7.716    3.21   5.666   4.549   2.991   4.002   1.931   1.318   5.751   2.787    10.2   14.38   1.975   11.84    6.96
   5.516   11.15   7.063   7.679   3.134   5.859   4.662   2.936   4.007   1.979   1.375    5.77   2.826   10.03   14.42   2.098   11.77   7.064
   5.525   10.88   7.112   7.621   3.087   6.084   4.786   2.871   4.001   2.037   1.442   5.751   2.892    9.79   14.42   2.225   11.64   7.202
    5.51   10.57   7.153   7.547   3.071   6.319   4.907   2.801   3.984   2.099   1.514   5.693   2.979   9.513   14.38   2.345   11.45   7.362
   5.476   10.25   7.185   7.472   3.084   6.541   5.015   2.728   3.956   2.157   1.586   5.595   3.077   9.224    14.3   2.446   11.21   7.528
   5.424   9.915   7.209   7.407   3.124   6.732     5.1   2.655    3.92   2.202   1.647   5.463   3.176   8.945    14.2   2.523   10.94   7.686
   5.362   9.609   7.221   7.357   3.187   6.877   5.156   2.589   3.877   2.229   1.691   5.304   3.265   8.697   14.07   2.567   10.65    7.82
   5.296    9.35   7.223    7.33   3.267   6.969   5.179   2.534   3.829   2.233   1.712   5.135   3.335   8.496   13.94   2.578   10.39   7.915
   5.234   9.151   7.215   7.326   3.356   7.008   5.168   2.498   3.779   2.214   1.708   4.968   3.379   8.357   13.83   2.555   10.17    7.96
   5.184   9.027   7.197   7.345   3.448   6.999   5.125   2.484    3.73   2.172   1.677   4.823   3.392   8.282   13.74   2.503   9.991   7.952
   5.154   8.982   7.172   7.383   3.533   6.955   5.054   2.495   3.683   2.111   1.624   4.717   3.376    8.27   13.68   2.428   9.876   7.893
   5.148   9.014   7.143   7.432   3.608   6.889   4.964   2.534   3.642    2.04   1.554   4.666   3.333   8.309   13.64    2.34   9.826   7.794
    5.17   9.112   7.115   7.479   3.668   6.818   4.862   2.598   3.608   1.965   1.476   4.679   3.267   8.386   13.63    2.25   9.828   7.675
   5.219   9.267   7.089   7.514   3.708   6.761   4.759   2.682    3.58   1.894   1.401   4.763   3.187   8.484   13.63   2.172   9.872   7.559
   5.294   9.456   7.069   7.532    3.73   6.731   4.661   2.779   3.562   1.836   1.337   4.909     3.1   8.583   13.65   2.115   9.935   7.468
    5.39   9.662   7.055   7.529   3.735   6.736   4.579   2.883    3.55   1.792   1.291   5.108   3.015   8.668   13.67   2.087      10   7.422
   5.502   9.865   7.046   7.498   3.728   6.779   4.517   2.985   3.543   1.765   1.265    5.34    2.94   8.728   13.69   2.093   10.05   7.425
   5.621   10.05    7.04   7.445   3.713   6.859    4.48   3.077    3.54   1.754   1.256    5.59    2.88   8.756   13.68   2.129   10.06   7.476
   5.742    10.2   7.032   7.368   3.697   6.966   4.468   3.154   3.537   1.755   1.257   5.835   2.837    8.75   13.65   2.187   10.04   7.559
   5.857   10.31   7.018    7.28   3.685   7.088   4.481   3.212   3.532   1.764   1.264   6.061   2.814   8.714    13.6   2.258   9.966   7.658
    5.96   10.38   6.993   7.182   3.682   7.213   4.516   3.248   3.524   1.775   1.273   6.249   2.808   8.655   13.51   2.331   9.856   7.752
   6.047    10.4   6.955   7.089   3.689   7.328   4.568   3.255   3.513   1.784   1.282    6.39   2.818   8.586   13.41   2.399   9.719   7.827
   6.112   10.38   6.901   7.006   3.706   7.419   4.635   3.239   3.497    1.79   1.291   6.478   2.839   8.519   13.29   2.451   9.569   7.873
   6.156   10.33   6.831   6.944   3.734   7.477   4.712   3.198   3.479   1.788   1.299   6.504    2.87   8.468   13.17   2.481   9.431   7.886
   6.175   10.27   6.746   6.906   3.767   7.493   4.796   3.139    3.46   1.778   1.307   6.474   2.907   8.444   13.06   2.488   9.318   7.868
   6.172    10.2   6.649   6.896   3.803   7.464   4.883   3.064   3.443   1.759   1.315   6.393   2.948   8.458   12.96   2.467   9.254   7.827
   6.147   10.15   6.547   6.908   3.838   7.393   4.972   2.981   3.432   1.734   1.324   6.268   2.989   8.509    12.9    2.42   9.248   7.773
   6.103   10.11   6.444   6.944   3.868   7.283   5.063   2.898   3.429   1.703   1.334   6.112   3.029   8.597   12.88   2.351   9.306   7.715
   6.045   10.09    6.35   6.995    3.89   7.147   5.151   2.822    3.44   1.672   1.346   5.939   3.067    8.72   12.88   2.266    9.42   7.663
   5.975   10.09   6.271   7.056   3.905   6.999   5.237   2.759   3.463   1.646    1.36    5.76   3.102   8.865   12.92   2.177   9.581   7.627
   5.899   10.11   6.215   7.116   3.911   6.857   5.318   2.714   3.503    1.63    1.38   5.588   3.134   9.025   12.98   2.095   9.773    7.61
   5.819   10.14   6.185    7.17   3.908   6.736   5.393   2.686   3.557    1.63   1.406   5.431   3.163   9.184   13.04   2.032   9.981   7.617
    5.74   10.18   6.187   7.211   3.899   6.645   5.457   2.673   3.622   1.648    1.44   5.296   3.189   9.338    13.1       2   10.18   7.643
   5.664    10.2   6.216   7.233   3.886   6.587   5.509    2.67   3.693   1.685   1.478   5.184   3.213   9.466   13.15   2.003   10.35   7.684
   5.595    10.2    6.27   7.237   3.872   6.557   5.545   2.673   3.766   1.738   1.516   5.095   3.232   9.566   13.18   2.037   10.49   7.728
   5.534   10.18    6.34   7.228    3.86   6.541    5.56   2.675   3.832   1.804   1.549   5.025   3.248    9.63   13.17   2.096   10.58   7.764
   5.483   10.13   6.416   7.203   3.857   6.523   5.553   2.671   3.888   1.876   1.571   4.971    3.26    9.66   13.14   2.167   10.63   7.779
   5.444   10.05    6.49   7.171   3.863   6.488   5.523   2.661   3.926   1.948   1.578   4.928   3.265   9.646   13.08   2.242   10.64   7.762
   5.416   9.933   6.552   7.131   3.884   6.423   5.471   2.641   3.944   2.017   1.568   4.895   3.264     9.6      13   2.307   10.61   7.706
     5.4   9.792   6.592   7.095    3.92   6.321   5.395   2.613    3.94   2.076   1.538   4.868   3.256   9.524   12.91   2.362   10.56   7.609
   5.394   9.635   6.608   7.066   3.968   6.184   5.302   2.581   3.912   2.123   1.491   4.847   3.243   9.426   12.83   2.399   10.52   7.475
   5.398   9.472   6.597   7.046   4.024   6.017   5.196   2.545   3.865   2.157   1.429   4.836   3.223   9.322   12.77   2.418    10.5   7.315
   5.412   9.318   6.561   7.034   4.083   5.832   5.085   2.511   3.802   2.178   1.355   4.836     3.2   9.216   12.72   2.421   10.52    7.14
   5.432   9.186   6.503   7.031   4.137   5.643   4.976   2.482   3.728   2.187   1.277    4.85   3.175   9.119   12.72   2.412   10.58    6.97
   5.458   9.087   6.433   7.037   4.182    5.47   4.879    2.46   3.651   2.187   1.197   4.883    3.15    9.04   12.77   2.392   10.67    6.82
    5.49   9.028   6.358   7.048    4.21   5.332   4.798   2.451   3.577   2.181   1.123   4.937   3.129    8.98   12.87   2.368   10.79   6.708
   5.526   9.017   6.291   7.057   4.218   5.248    4.74   2.456   3.516   2.172   1.058   5.015   3.112   8.942   13.03   2.344   10.92   6.645
   5.566   9.054   6.241   7.066   4.205   5.236   4.708   2.477   3.473   2.164    1.01   5.112     3.1   8.923   13.22   2.327   11.04   6.638
    5.61   9.135   6.217    7.07   4.172   5.305   4.702   2.511   3.452    2.16  0.9834   5.225   3.095   8.919   13.45   2.322   11.12   6.688
   5.657   9.251   6.223   7.066   4.121   5.457    4.72    2.56   3.454    2.16  0.9813   5.343   3.094   8.925   13.68   2.334   11.14   6.794
   5.706   9.397    6.26   7.057   4.056   5.685   4.759    2.62   3.479   2.166   1.007   5.459   3.097   8.936   13.91   2.363   11.11    6.95
   5.757   9.557   6.324   7.042   3.982   5.971   4.813   2.684   3.522   2.176   1.056   5.562   3.102   8.947   14.12   2.408   11.01   7.143
   5.809    9.72   6.405   7.025   3.906   6.292   4.878    2.75   3.576   2.189   1.123   5.643   3.105   8.955   14.29   2.465   10.85   7.362
   5.857   9.871   6.492    7.01   3.835   6.621   4.945   2.813   3.637   2.203     1.2   5.695   3.107   8.957   14.42   2.524   10.63   7.591
     5.9   9.998   6.574   6.994   3.772    6.93    5.01   2.869   3.695   2.215   1.275   5.714   3.107   8.952   14.49    2.58   10.37   7.813
   5.934    10.1   6.639    6.99   3.725   7.196   5.065   2.912   3.746   2.224   1.341   5.697   3.103   8.941   14.52   2.621    10.1   8.011
   5.955   10.16   6.677   6.992   3.697   7.396   5.109   2.943   3.785   2.231   1.392   5.649   3.098   8.923    14.5   2.643    9.83    8.17
    5.96   10.17   6.681   7.001    3.69   7.516   5.136   2.959   3.807   2.235   1.425   5.571   3.094     8.9   14.43   2.643    9.58    8.28
   5.947   10.14   6.646   7.018   3.707   7.548   5.148   2.961   3.812   2.236   1.436   5.473   3.096   8.872   14.34   2.617   9.377   8.339
   5.911   10.06   6.573   7.036   3.745   7.487   5.145   2.951   3.799   2.239   1.429   5.362   3.108    8.84   14.23    2.57   9.234   8.353
   5.854   9.952   6.463   7.054   3.801   7.343   5.131    2.93    3.77   2.244   1.404   5.251   3.137   8.808   14.12   2.506   9.176   8.329
   5.776   9.807   6.324   7.064   3.872    7.13   5.117   2.902   3.731   2.256   1.368   5.147   3.185   8.773   14.02   2.428   9.199   8.285
   5.678   9.639   6.165   7.065   3.952   6.869   5.107    2.87   3.685   2.277   1.328   5.066   3.257   8.737   13.94   2.346   9.298   8.242
   5.565   9.461   5.997   7.051   4.036   6.588   5.112   2.836    3.64   2.308   1.294   5.014   3.352     8.7   13.88   2.269   9.466   8.219
   5.442   9.286   5.833    7.02   4.118   6.316   5.135   2.804   3.605    2.35   1.272   4.998   3.467   8.663   13.85   2.204   9.687   8.229
   5.315   9.123   5.688   6.978   4.193   6.085   5.178   2.774   3.583     2.4   1.269   5.018   3.595   8.627   13.85   2.157   9.939   8.279
   5.195   8.981   5.573   6.923   4.257   5.918   5.237   2.751   3.581   2.457   1.291   5.073   3.729   8.596   13.88   2.137   10.19   8.367
    5.09   8.867   5.498   6.859    4.31   5.831   5.304   2.735   3.603   2.514   1.335   5.154   3.857   8.568   13.93   2.146   10.42   8.482
   5.008   8.782    5.47   6.791   4.348   5.824   5.368   2.728   3.647   2.567   1.396   5.251   3.971   8.548   14.01   2.186   10.61   8.606
   4.959   8.727    5.49    6.73   4.374   5.885   5.417   2.729   3.713   2.609   1.468    5.35   4.058   8.539    14.1   2.255   10.75   8.724
   4.946   8.699   5.556    6.68   4.389   5.991   5.442   2.737   3.795   2.636   1.544    5.44   4.112   8.543   14.19   2.349   10.82   8.819
   4.969   8.696   5.661   6.651   4.393   6.115   5.435   2.751   3.888   2.642   1.618   5.511   4.125   8.562   14.28   2.459   10.85    8.88
   5.025   8.712   5.796    6.65    4.39   6.237   5.392   2.771   3.986   2.628   1.683   5.555   4.093   8.596   14.35   2.582   10.82   8.901
   5.106   8.743    5.95   6.675   4.381   6.336   5.311   2.794   4.081   2.594   1.737   5.569   4.016   8.647   14.41   2.704   10.76   8.881
   5.201   8.787   6.112   6.735   4.367   6.404   5.197   2.819    4.17   2.544   1.775   5.552   3.897   8.711   14.45   2.819   10.69   8.824
     5.3   8.836   6.269   6.824   4.347   6.431   5.056   2.844   4.246   2.481   1.794   5.509   3.743   8.786   14.47   2.918   10.61   8.738
   5.392    8.89   6.414    6.94   4.322    6.42   4.898   2.869   4.307   2.415   1.797   5.444   3.564   8.867   14.45   2.998   10.56   8.635
   5.469   8.941   6.537   7.077   4.293   6.374   4.734   2.893   4.352   2.353   1.781   5.368   3.374   8.951   14.42   3.055   10.53   8.527
   5.525   8.987   6.635   7.219   4.258   6.304   4.576   2.917   4.378   2.304    1.75    5.29   3.189    9.03   14.36   3.084   10.54   8.428
    5.56   9.026   6.702   7.364   4.217   6.221   4.439   2.939   4.388   2.274   1.706   5.224   3.024   9.102   14.28   3.089   10.58    8.35
   5.574   9.061   6.739   7.498   4.171   6.142   4.334   2.959   4.382   2.264   1.653   5.178   2.896   9.163   14.18    3.07   10.65   8.299
   5.569   9.097   6.748    7.61   4.121   6.081   4.272   2.976   4.364   2.275   1.596   5.163   2.814   9.209   14.06   3.031   10.74   8.282
   5.554   9.143   6.731   7.699   4.068   6.049   4.261    2.99   4.336   2.301   1.537   5.183    2.78   9.242   13.93   2.975   10.84   8.296
   5.537   9.213   6.693   7.756   4.014   6.058   4.305   2.998   4.299   2.335   1.478   5.248   2.785   9.264   13.79   2.909   10.93   8.336
   5.526   9.317   6.639   7.783   3.962   6.108   4.399   2.998   4.256   2.371   1.421   5.352   2.821   9.273   13.65   2.834   11.01   8.392
   5.532   9.466   6.573    7.78   3.915   6.194   4.537   2.992   4.208   2.401   1.366   5.494   2.874   9.279   13.51   2.757   11.06    8.45
   5.563   9.658   6.499   7.747   3.877   6.305   4.709   2.979   4.154    2.42   1.312   5.663   2.935   9.278   13.38    2.68   11.09   8.496
   5.625   9.897    6.42   7.697   3.852   6.427   4.898   2.961   4.095   2.424   1.258   5.849   2.994    9.28   13.27   2.607   11.08   8.522
   5.721   10.17   6.341   7.634   3.842   6.542   5.093   2.938   4.031   2.411   1.204    6.04   3.046   9.283   13.19   2.541   11.05   8.519
   5.848   10.45   6.262   7.565    3.85   6.638   5.276   2.912   3.964   2.381    1.15    6.22   3.085   9.288   13.11   2.484   10.99   8.487
       6   10.74   6.189   7.497   3.875   6.703   5.437   2.887   3.895   2.336   1.098   6.378   3.109   9.294   13.06   2.437   10.92   8.423
   6.166   10.99   6.122    7.44   3.916   6.727   5.565   2.866   3.826   2.276    1.05   6.502   3.115     9.3   13.03   2.403   10.83    8.34
   6.332    11.2   6.064   7.398   3.969    6.71   5.654   2.848   3.762   2.208   1.008   6.586   3.102     9.3   13.01   2.383   10.73   8.242
   6.483   11.34   6.019    7.37   4.029   6.651   5.699   2.838   3.705   2.137  0.9759   6.624   3.073   9.289      13   2.376   10.64   8.142
   6.606    11.4   5.988   7.363   4.091   6.561   5.702   2.835   3.661   2.072  0.9551   6.613   3.032   9.264   12.99   2.381   10.55   8.055
   6.688   11.38   5.973   7.371    4.15   6.448   5.664    2.84   3.632   2.022   0.948   6.557   2.981   9.221   12.97   2.399   10.48   7.989
   6.721   11.28   5.974   7.389   4.204   6.326   5.592   2.853   3.624   1.997  0.9562   6.459   2.932   9.161   12.95   2.427    10.4   7.954
     6.7   11.09   5.993   7.419   4.248   6.212   5.495   2.873   3.638   2.001  0.9797   6.328    2.89   9.085    12.9    2.46   10.34   7.952
   6.628   10.85   6.029   7.448   4.283    6.12   5.382   2.896   3.673   2.036   1.018   6.172   2.863   8.993   12.83   2.497   10.28   7.986
   6.509   10.56   6.077   7.478   4.307   6.064    5.26   2.922   3.729   2.098   1.067   6.002   2.854   8.893   12.75   2.533   10.21   8.047
   6.355   10.26   6.135   7.498   4.322   6.048   5.142   2.946     3.8   2.175   1.125   5.828   2.864   8.795   12.65   2.563   10.14   8.129
    6.18   9.954   6.195   7.514   4.327   6.074   5.033   2.967   3.882   2.257   1.186   5.659   2.886   8.704   12.54   2.584   10.05   8.215
   6.004   9.674   6.251   7.518   4.326   6.131   4.939   2.984   3.966    2.33   1.244   5.504   2.911   8.635   12.43   2.592   9.961   8.292
   5.846   9.443   6.298   7.512    4.32   6.209   4.867   2.991   4.045   2.384   1.293   5.368   2.931   8.594   12.34   2.586   9.871   8.348
   5.727   9.279   6.328   7.496    4.31   6.287   4.816    2.99   4.109   2.411   1.329    5.26   2.941   8.589   12.28   2.564   9.784    8.37
   5.661   9.191    6.34   7.471     4.3   6.353   4.788    2.98   4.153   2.409   1.349   5.181   2.936   8.625   12.26   2.527    9.72   8.351
   5.655   9.183   6.331   7.438    4.29   6.393   4.783   2.961    4.17   2.377   1.349   5.134   2.916   8.701   12.29   2.479    9.67   8.291
   5.708    9.25   6.301   7.399   4.283   6.396     4.8   2.934   4.156   2.322   1.331   5.116   2.883   8.809   12.37   2.421   9.655   8.194
   5.811   9.377   6.254   7.356   4.278   6.359   4.836   2.902   4.108    2.25   1.297   5.126   2.843   8.941   12.52   2.359   9.677    8.07
   5.947   9.545   6.193   7.308   4.277   6.284   4.891   2.865   4.032   2.172   1.251   5.161   2.801   9.082    12.7   2.299   9.735   7.937
   6.099   9.734   6.124    7.26   4.279   6.172    4.96   2.827    3.93   2.101   1.199   5.216   2.766   9.218   12.92   2.247   9.824   7.812
    6.25   9.922   6.054   7.214   4.285   6.035   5.042   2.787   3.809   2.047    1.15   5.284   2.746   9.334   13.16   2.205   9.937   7.714
   6.382   10.09    5.99   7.166   4.294   5.884   5.132   2.748    3.68    2.02   1.112   5.359    2.75   9.419   13.41   2.179   10.07   7.656
   6.484   10.22   5.937   7.125   4.306   5.733   5.225   2.714   3.554   2.023   1.093   5.435   2.785   9.462   13.65   2.171   10.19   7.644
   6.546   10.31   5.903   7.082   4.319   5.595    5.32   2.682   3.439   2.057   1.098   5.507   2.853   9.461   13.85    2.18   10.32   7.677
   6.563   10.34    5.89   7.045   4.332   5.488    5.41   2.656   3.347   2.117   1.128   5.569   2.954   9.416   14.02   2.204   10.42   7.746
   6.533   10.32   5.897   7.014   4.342   5.421    5.49   2.636    3.28   2.194   1.179   5.618   3.081   9.329   14.13   2.241   10.51   7.837
   6.459   10.25   5.926   6.985   4.347   5.402   5.555    2.62   3.241   2.282   1.243   5.651   3.223   9.218   14.18   2.287   10.56   7.934
   6.345   10.15   5.972   6.967   4.344   5.432   5.602    2.61   3.232    2.37   1.312   5.667   3.367   9.092   14.18   2.336    10.6   8.025
     6.2   10.03   6.028   6.952   4.332   5.506   5.626   2.603   3.247   2.449   1.381   5.668     3.5   8.966   14.14   2.383   10.61   8.092
   6.038   9.912   6.091   6.946   4.309   5.614   5.626   2.599   3.282   2.511   1.439   5.653   3.609    8.86   14.06   2.424    10.6   8.131
   5.871   9.811   6.153   6.954   4.275   5.742   5.601   2.598   3.332   2.547   1.483   5.631   3.683   8.789   13.97   2.454    10.6   8.136
   5.714   9.746   6.209   6.969   4.231   5.874   5.553   2.597   3.393   2.552   1.507   5.601   3.717   8.767   13.87   2.471    10.6   8.109
   5.579   9.731   6.257       7   4.179   5.996   5.486   2.594   3.458    2.52    1.51   5.571   3.707   8.796    13.8   2.475   10.62   8.053
   5.479   9.767   6.294   7.042   4.119   6.097   5.403   2.591   3.523   2.455   1.491   5.545   3.651   8.883   13.77   2.463   10.67   7.975
   5.417   9.849    6.32   7.091   4.056    6.17   5.314   2.585   3.585   2.358   1.451   5.529   3.559   9.017   13.79   2.442   10.77   7.885
   5.394   9.961   6.335   7.145   3.991   6.211   5.227   2.576   3.638   2.239   1.396   5.525   3.437   9.188   13.86   2.415   10.89   7.797
   5.403   10.08   6.344   7.198   3.927   6.223    5.15   2.562   3.682   2.114   1.331   5.535   3.301   9.376   13.98    2.39   11.05   7.725
   5.435    10.2   6.347   7.241   3.865   6.212   5.092   2.542   3.716   2.002   1.265   5.561   3.168   9.568   14.13    2.37   11.23   7.685
   5.477   10.29   6.348   7.273    3.81   6.188   5.061   2.516   3.741   1.925   1.207   5.601   3.054   9.739   14.29   2.362    11.4   7.688
   5.517   10.34   6.351   7.287   3.763   6.163   5.061   2.485    3.76   1.901   1.169   5.653   2.977   9.879   14.43    2.37   11.54   7.743
   5.545   10.34   6.357   7.281   3.727   6.149   5.092   2.447   3.776   1.937   1.156   5.716    2.95   9.961   14.55   2.395   11.64   7.852
   5.553   10.28   6.367   7.256   3.706   6.159   5.151   2.403   3.795   2.027   1.168   5.785   2.978   9.983   14.62   2.435   11.69   8.009
   5.538   10.16   6.379   7.209   3.703   6.201   5.233   2.357   3.818   2.154   1.202   5.856   3.052   9.937   14.64   2.486   11.67   8.202
   5.499   10.01   6.392   7.144    3.72   6.278   5.327   2.309   3.844   2.296   1.248   5.925    3.16   9.819    14.6   2.542   11.58   8.411
    5.44   9.801   6.401   7.062   3.759   6.389   5.425   2.264   3.873   2.436   1.299    5.99   3.288   9.641    14.5   2.597   11.43    8.62
   5.368   9.572   6.403   6.967   3.819   6.524   5.515   2.226   3.902   2.561   1.347   6.045    3.42   9.416   14.36   2.645   11.23   8.806
   5.291   9.332   6.393   6.866   3.895   6.671   5.589   2.195   3.924    2.66   1.386    6.09   3.546   9.155   14.17   2.683   11.01   8.957
   5.217   9.102   6.368   6.761   3.982   6.817   5.641   2.176   3.938   2.728   1.413   6.124   3.656   8.887   13.97   2.706   10.77   9.058
   5.155   8.898   6.326   6.656   4.071   6.947   5.668   2.169    3.94   2.763   1.426   6.144   3.742   8.633   13.77   2.714   10.56   9.106
   5.111   8.739   6.268   6.564   4.154    7.05   5.667   2.178   3.928   2.763   1.424   6.149     3.8   8.418   13.58   2.706   10.39   9.097
   5.087   8.635   6.195   6.482   4.223   7.118   5.644     2.2   3.902   2.731   1.409   6.142   3.824   8.261   13.43   2.683   10.29   9.038
   5.083   8.596   6.113   6.421   4.271   7.146   5.602   2.235   3.862   2.668    1.38   6.121   3.815   8.173   13.33   2.648   10.26   8.942
   5.092   8.621   6.026   6.382   4.294   7.135   5.548   2.279   3.813   2.579   1.344   6.089   3.777   8.156    13.3   2.601    10.3   8.823
   5.108   8.704   5.944   6.367   4.288    7.09   5.493   2.329   3.758   2.472   1.302   6.041   3.714   8.201   13.33   2.546   10.42   8.703
   5.122    8.83   5.874   6.376   4.253   7.015   5.443   2.382   3.701   2.358   1.262   5.983   3.637    8.29   13.41   2.487   10.59   8.594
   5.127   8.986   5.821   6.407   4.191   6.923   5.405   2.434   3.649   2.247   1.228   5.915   3.557   8.404   13.54   2.426   10.81   8.514
   5.115   9.152   5.789   6.456   4.109   6.824   5.384   2.479   3.606   2.156   1.205   5.837   3.488   8.521   13.71   2.368   11.05   8.474
   5.083   9.312   5.781    6.52   4.009   6.729   5.382   2.514   3.577   2.097   1.198   5.757   3.442   8.623   13.87   2.314   11.28   8.478
   5.029   9.455   5.792   6.594   3.902   6.652   5.397   2.535   3.565   2.078   1.207   5.675   3.423   8.695   14.03   2.265   11.49   8.523
   4.954   9.571   5.819   6.673   3.794     6.6   5.424   2.543    3.57   2.101   1.227   5.597   3.435   8.728   14.15   2.223   11.67     8.6
   4.863   9.653   5.853   6.748   3.698    6.58   5.457   2.536   3.591   2.155   1.253   5.527   3.472    8.72   14.23   2.184   11.79   8.695
   4.763   9.705   5.886   6.822   3.619   6.594   5.489   2.517   3.624   2.226   1.278   5.471   3.521   8.672   14.25   2.149   11.85   8.792
   4.664   9.726   5.912    6.89   3.569   6.638   5.513   2.492   3.662   2.297   1.295   5.431    3.57    8.59   14.22   2.115   11.86   8.876
   4.575   9.725   5.924   6.948   3.551   6.707   5.525   2.464   3.701   2.352     1.3   5.413   3.606   8.483   14.15   2.082    11.8   8.937
   4.509   9.711   5.919   6.994   3.571   6.791   5.516   2.441   3.734    2.38    1.29   5.418    3.62   8.367   14.03   2.048   11.71   8.963
   4.472   9.695   5.897   7.024   3.629   6.878   5.487   2.427   3.756   2.373   1.265   5.448   3.606   8.256   13.91   2.014    11.6   8.953
   4.473   9.681   5.859   7.042   3.722   6.958   5.436   2.428   3.763   2.328   1.226   5.502   3.558   8.166   13.78   1.983   11.48   8.905
   4.513   9.677   5.808   7.045   3.842   7.021   5.366   2.446   3.754   2.244   1.176   5.576   3.477   8.108   13.68   1.955   11.37   8.827
    4.59   9.687   5.753   7.036    3.98   7.061   5.281   2.482   3.727   2.129   1.121   5.666   3.366   8.093    13.6   1.934   11.29   8.729
   4.698   9.713   5.699   7.014   4.128   7.077   5.188   2.535   3.686   1.987   1.068   5.765   3.231   8.126   13.58   1.925   11.25   8.626
   4.828   9.752   5.656   6.985   4.273   7.068   5.097   2.601   3.632   1.831   1.026   5.864   3.079   8.205   13.61   1.929   11.25   8.534
    4.97     9.8   5.634   6.949   4.407   7.039   5.017   2.678   3.574   1.672   1.003   5.954   2.923   8.323    13.7    1.95   11.28   8.465
   5.112   9.852   5.637   6.906   4.523   6.994   4.959   2.757   3.518   1.527   1.005   6.025   2.778    8.47   13.82   1.988   11.35   8.433
   5.244   9.902   5.672   6.864   4.614   6.942   4.933   2.834   3.472   1.413   1.032   6.069   2.661   8.633   13.99   2.043   11.43   8.442
   5.357   9.945   5.739   6.822   4.675   6.885   4.943   2.903   3.443   1.344   1.083    6.08   2.591   8.794   14.17   2.113    11.5   8.491
   5.444   9.976   5.831   6.784   4.707   6.828   4.992   2.959   3.436   1.331   1.153   6.056   2.586   8.944   14.36   2.193   11.58   8.571
   5.498   9.987   5.941    6.75   4.708   6.772   5.076   2.995   3.454   1.371   1.233   5.994   2.652   9.067   14.54   2.279   11.64   8.669
   5.517   9.987   6.056   6.725   4.683   6.715   5.188   3.008   3.492   1.454   1.317   5.897   2.784   9.157    14.7   2.367   11.67   8.771
   5.501   9.967    6.16   6.706   4.636   6.653    5.32   2.994   3.549   1.565   1.398   5.768   2.966   9.204   14.81    2.45   11.68    8.86
   5.453   9.929   6.241   6.698   4.573   6.584   5.459   2.956   3.615   1.688   1.469   5.618   3.175   9.211   14.88   2.524   11.66   8.925
   5.379   9.878   6.286   6.698   4.502   6.504   5.595   2.893   3.685   1.812   1.525   5.455   3.389   9.183   14.89   2.587   11.63   8.959
   5.291   9.818   6.287   6.706    4.43    6.41   5.718   2.811    3.75   1.928   1.564   5.291   3.588   9.123   14.86   2.633   11.58   8.954
   5.199   9.753   6.241   6.721   4.364   6.302    5.82    2.72   3.805   2.029   1.584   5.141   3.757    9.05   14.77   2.665   11.51    8.91
   5.119   9.688   6.149   6.744   4.309   6.182   5.895   2.626   3.846   2.108   1.586   5.019   3.885    8.97   14.66   2.679   11.44   8.831
   5.063   9.626   6.017   6.768   4.269   6.055   5.942   2.541   3.869   2.163   1.573    4.94   3.965   8.897   14.52   2.681   11.36   8.726
    5.04   9.566   5.857   6.796   4.245   5.927   5.961   2.476   3.873   2.192   1.549   4.915   3.996   8.841   14.37    2.67   11.29   8.605
   5.054   9.507   5.682   6.819   4.236   5.807   5.954   2.436   3.857   2.196   1.522   4.949   3.978   8.812   14.23   2.652   11.22   8.482
   5.103   9.449   5.508   6.836   4.238   5.709   5.929   2.423   3.826   2.177   1.498   5.042   3.917   8.807   14.11   2.629   11.16    8.37
   5.178   9.383    5.35   6.849   4.245   5.639   5.891   2.433    3.78   2.141   1.485   5.184   3.824   8.821   14.01   2.605    11.1   8.283
   5.267   9.308   5.225   6.851   4.254    5.61   5.851   2.462   3.725   2.098   1.489   5.363   3.712   8.844   13.94   2.585   11.03    8.23
   5.355   9.221   5.142    6.84    4.26   5.627   5.816   2.498   3.668   2.058   1.514   5.561   3.598   8.866    13.9   2.571   10.97   8.221
   5.431   9.121    5.11   6.818   4.258   5.693   5.791   2.532   3.613   2.034   1.555   5.758   3.498   8.874   13.87   2.565    10.9   8.256
   5.483    9.01   5.132   6.785   4.247   5.806   5.781   2.557   3.566   2.034    1.61   5.937   3.429   8.862   13.87   2.568   10.82   8.333
   5.506   8.894   5.205   6.738   4.224   5.958   5.784   2.567   3.531   2.064   1.671   6.084     3.4   8.821   13.87    2.58   10.74   8.442
   5.495    8.78   5.323   6.684   4.191   6.138     5.8    2.56    3.51   2.125   1.732   6.186   3.413   8.752   13.88   2.599   10.65   8.571
   5.451   8.678   5.475   6.623   4.148   6.329    5.82   2.534   3.503   2.209   1.784   6.241   3.463   8.659   13.88   2.623   10.57   8.705
   5.377   8.595   5.649   6.559   4.098   6.513   5.839   2.491    3.51   2.305   1.822   6.244   3.535   8.546   13.89   2.651    10.5   8.828
    5.28   8.543   5.832   6.496   4.042   6.672   5.848   2.436   3.526   2.399   1.841   6.197   3.616   8.426   13.88   2.679   10.46   8.931
   5.169   8.532    6.01   6.435   3.985   6.791    5.84   2.373   3.549   2.483   1.838   6.107   3.689   8.308   13.88   2.702   10.45   9.003
   5.056   8.564   6.172   6.383    3.93    6.86    5.81   2.307   3.576   2.544   1.812   5.983   3.744   8.204   13.89   2.722   10.47   9.042
   4.954   8.648   6.308   6.344   3.882   6.876   5.756   2.249   3.602   2.577   1.763   5.835   3.772   8.128   13.91   2.734   10.52   9.051
   4.876   8.782   6.416   6.316   3.846   6.839   5.678   2.204   3.625   2.577   1.694   5.677   3.766   8.089   13.92   2.737    10.6   9.031
   4.833   8.963   6.494   6.312   3.824   6.759    5.58    2.18   3.644   2.545    1.61   5.519   3.725   8.093   13.96    2.73   10.71   8.994
   4.834   9.186   6.545   6.327   3.818   6.648   5.466    2.18   3.657   2.482   1.517   5.376   3.652   8.144   14.01   2.713   10.83   8.948
   4.882   9.438   6.575   6.364   3.832    6.52   5.346   2.207   3.666   2.392   1.425   5.257   3.547    8.24   14.07   2.686   10.95   8.904
   4.973   9.704   6.591   6.428   3.862   6.395   5.227   2.259    3.67   2.282   1.341   5.175   3.418   8.373   14.13   2.649   11.06   8.871
     5.1   9.972     6.6   6.513   3.907   6.286   5.119   2.332   3.672    2.16   1.273   5.138   3.271    8.53    14.2   2.603   11.15   8.852
    5.25   10.22   6.608   6.619   3.962   6.207   5.032   2.415   3.673   2.034   1.227   5.146   3.117   8.698   14.25   2.551    11.2   8.848
   5.407   10.44   6.615   6.742   4.023   6.167   4.972   2.502   3.676   1.916   1.201   5.201   2.963   8.861   14.29   2.494   11.23   8.856
   5.558    10.6    6.62   6.877   4.084   6.166   4.943   2.584   3.678   1.816   1.193   5.297   2.819   9.004    14.3   2.435   11.21   8.877
   5.687   10.71   6.617   7.012   4.139   6.201   4.946   2.654   3.683   1.743   1.197   5.424   2.697   9.111    14.3   2.378   11.16   8.894
   5.783   10.75   6.601    7.14   4.183   6.266   4.979   2.706   3.688   1.706   1.205   5.567   2.607   9.176   14.26   2.326    11.1   8.909
   5.837   10.72   6.566   7.256   4.214    6.35   5.035   2.739    3.69   1.711   1.212   5.714   2.561   9.192    14.2   2.284   11.01   8.914
   5.845   10.62   6.509   7.353   4.228   6.441   5.108   2.748   3.688   1.759   1.212   5.849    2.56   9.161   14.11   2.257   10.94   8.907
   5.805   10.46   6.427    7.42   4.225   6.528   5.189   2.736    3.68   1.845   1.205   5.963   2.605   9.082   14.01   2.247   10.88   8.878
   5.719   10.25   6.322   7.461   4.204   6.602   5.268   2.702   3.663   1.961   1.189   6.045   2.688   8.964   13.89   2.256   10.87   8.835
   5.596   9.999   6.198   7.473   4.168   6.653   5.338   2.653   3.639   2.097   1.167    6.09   2.799    8.82   13.78   2.286    10.9   8.777
   5.443   9.742   6.062   7.453   4.119   6.676   5.393   2.593   3.609   2.242   1.141   6.093   2.928   8.662   13.67   2.334   10.98   8.707
   5.274   9.478   5.921   7.407   4.061   6.671   5.429   2.527   3.574   2.385   1.116   6.055   3.063   8.504   13.59   2.398   11.11   8.634
   5.105    9.23   5.786   7.338   3.998    6.64   5.444   2.467    3.54   2.519   1.098   5.977   3.194   8.359   13.53   2.471   11.27   8.565
   4.953   9.014   5.666   7.254   3.937   6.592   5.438   2.419   3.509   2.634   1.092   5.864   3.309   8.238   13.48    2.55   11.42    8.51
   4.836   8.844   5.574   7.159   3.881   6.535   5.414   2.393   3.486   2.723   1.102   5.726   3.404   8.148   13.47   2.627   11.57   8.472
   4.769   8.726   5.521   7.062   3.837   6.484   5.378   2.396   3.474   2.781    1.13    5.57   3.473   8.096   13.49   2.695   11.67   8.458
   4.765   8.666   5.518   6.973   3.807    6.45   5.333   2.435   3.477   2.802   1.175   5.406   3.516    8.08   13.52   2.747   11.72   8.466
    4.83   8.665   5.569   6.897   3.794   6.443   5.288   2.508   3.495   2.786   1.231   5.245   3.529   8.102   13.56   2.779   11.69    8.49
   4.962   8.717   5.674   6.843   3.799    6.47   5.247   2.611   3.531   2.733   1.293   5.095   3.518   8.157    13.6   2.786   11.58   8.524
   5.152   8.814   5.828   6.811   3.821   6.529   5.217   2.734   3.583   2.645   1.355   4.967   3.487   8.237   13.63   2.763   11.41   8.554
   5.384   8.948   6.017   6.809   3.858   6.615   5.202    2.87   3.648   2.525   1.409   4.866   3.439   8.338   13.64    2.71   11.17   8.569
   5.641   9.105   6.225   6.829   3.906   6.718     5.2   3.005   3.722   2.381   1.451   4.795   3.382    8.45   13.63    2.63   10.87   8.558
   5.901   9.277   6.432   6.872   3.959   6.824   5.212   3.128   3.799   2.222   1.475   4.757   3.323   8.566   13.59   2.529   10.53   8.514
   6.145   9.448    6.62   6.925    4.01   6.923   5.238   3.229   3.874   2.057   1.479   4.751   3.265   8.681   13.52   2.414   10.17   8.436
   6.357   9.608   6.774   6.982   4.055   7.001    5.27   3.303   3.942   1.899   1.462   4.777   3.215   8.785   13.41     2.3   9.815   8.323
   6.522   9.745   6.883    7.04   4.083   7.048   5.306   3.343   3.996   1.762   1.425    4.83   3.177   8.877   13.29   2.199   9.491   8.186
    6.63   9.848   6.939   7.089   4.093    7.06   5.342   3.345   4.033   1.659    1.37   4.909   3.151   8.953   13.14   2.131   9.211   8.035
   6.674   9.918   6.941   7.125   4.079   7.034   5.373   3.312   4.052   1.599   1.304   5.005   3.139   9.014   12.99   2.107   8.998   7.884
   6.653   9.942   6.893   7.146   4.041   6.974   5.397   3.246   4.051   1.588   1.233   5.113   3.141   9.061   12.85   2.134   8.862    7.75
   6.572   9.927   6.801   7.147   3.979   6.885   5.409   3.152    4.03   1.619   1.165   5.224   3.153   9.094   12.71   2.208   8.805   7.645
   6.437   9.873   6.677   7.132   3.898   6.783   5.411   3.039   3.995   1.684    1.11   5.328   3.176   9.118   12.61   2.316   8.813   7.583
   6.261   9.788   6.535   7.103   3.805   6.682   5.402   2.919   3.947   1.771    1.08   5.419   3.205   9.135   12.53   2.445   8.883   7.567
   6.061   9.685    6.39   7.066   3.707   6.601   5.381   2.802   3.891    1.87   1.079   5.487   3.236   9.147    12.5   2.575   8.995     7.6
   5.854   9.573   6.255   7.018   3.613   6.556   5.353   2.703   3.831   1.972   1.109    5.53   3.269   9.154   12.52   2.696    9.13   7.677
   5.659   9.468    6.14   6.974   3.535   6.557   5.317    2.63   3.772   2.069   1.165   5.544   3.298   9.154   12.58   2.795   9.282   7.787
   5.494   9.384   6.052   6.934   3.478   6.608   5.276   2.592   3.715   2.154   1.239   5.532    3.32   9.146   12.69   2.863   9.432    7.92
   5.372   9.329   5.992   6.902   3.448   6.702    5.23   2.587   3.662   2.223    1.32   5.498   3.335   9.134   12.84   2.897   9.577   8.059
   5.303   9.312   5.956   6.884   3.446   6.824   5.182   2.613   3.613   2.272   1.397   5.447   3.338   9.112   13.02   2.894   9.714   8.193
   5.287   9.331   5.938   6.879    3.47   6.958   5.133   2.658   3.568   2.298   1.462   5.385   3.331   9.081   13.23   2.854   9.845   8.306
   5.317   9.384   5.927   6.883   3.515   7.079   5.084   2.715   3.525     2.3   1.505   5.322   3.313   9.046   13.45   2.778    9.97   8.388
   5.382    9.46   5.915   6.895   3.575   7.171   5.036    2.77   3.484   2.277   1.523   5.266   3.285   9.007   13.68   2.672    10.1   8.432
   5.466   9.551   5.894   6.908    3.64   7.218   4.992   2.816   3.442   2.231   1.509   5.221   3.252   8.969    13.9    2.54   10.25   8.435
   5.555   9.647   5.858   6.919   3.706   7.211   4.956   2.843     3.4   2.166   1.462   5.193   3.218   8.938    14.1   2.391    10.4   8.399
   5.634   9.738   5.806   6.925   3.764   7.144   4.929   2.848   3.359   2.088   1.383   5.188   3.189   8.913   14.27   2.238   10.59   8.334
   5.692   9.818   5.737   6.918    3.81    7.02   4.916   2.829    3.32   2.003   1.276   5.204    3.17     8.9   14.41    2.09   10.79   8.253
   5.721   9.887   5.658   6.902    3.84   6.847   4.921   2.785   3.285   1.923    1.15   5.242   3.167   8.901   14.51   1.965   10.99   8.171
   5.717   9.943   5.574   6.874   3.853   6.634   4.947    2.72   3.258   1.857   1.016   5.298   3.185    8.91   14.58    1.88    11.2   8.107
   5.679   9.984   5.494   6.839   3.847     6.4   4.995   2.637   3.242   1.816  0.9001   5.366   3.224   8.932    14.6   1.849   11.38   8.075
   5.611   10.01   5.431     6.8   3.824    6.16   5.062   2.542    3.24   1.811  0.8366   5.441   3.281    8.96   14.59   1.882   11.54   8.083
    5.52   10.03   5.393   6.765   3.788    5.94   5.145   2.439   3.254   1.844  0.8487   5.515   3.352    8.99   14.53   1.973   11.65   8.135
   5.415   10.03   5.387   6.735   3.742   5.761   5.236   2.336   3.283   1.913  0.9252   5.578   3.427   9.017   14.45   2.108   11.69   8.223
   5.309   10.04   5.419   6.718   3.696   5.641   5.328   2.239   3.327   2.011   1.038   5.627   3.498   9.037   14.36   2.268   11.69   8.334
   5.217   10.04   5.483    6.72   3.657   5.596   5.412   2.156   3.381   2.121   1.161   5.654   3.556   9.045   14.26   2.433   11.62   8.452
    5.15   10.05   5.577   6.739   3.633   5.633   5.481   2.093   3.438   2.232   1.276   5.659   3.591   9.036   14.16   2.589   11.51   8.551
   5.122   10.07    5.69   6.782   3.635   5.744    5.53   2.055   3.494   2.331    1.37   5.641   3.597    9.01   14.07   2.722   11.36   8.623
   5.136    10.1    5.81   6.842   3.668   5.916   5.553   2.047   3.541   2.407   1.437   5.603    3.57   8.965      14   2.822   11.19   8.646
   5.194   10.16   5.924   6.918   3.733   6.127    5.55   2.068   3.576   2.454   1.475    5.55   3.508   8.905   13.98   2.886   11.04   8.619
   5.288   10.23   6.021   7.003   3.829   6.353    5.52   2.117   3.595   2.467   1.481   5.489   3.412   8.833   13.97    2.91   10.89   8.535
   5.406    10.3   6.093   7.092    3.95    6.57   5.466   2.186   3.595   2.446    1.46   5.426   3.289   8.755   14.01   2.895   10.78   8.399
   5.538   10.38   6.133   7.175   4.085   6.759   5.392   2.272   3.579   2.394   1.413   5.368   3.145   8.678   14.07   2.845   10.72   8.222
    5.67   10.45    6.14   7.249   4.225   6.903   5.306   2.364   3.545   2.317   1.347   5.318   2.991    8.61   14.14   2.769   10.73   8.016
   5.788    10.5   6.113   7.304   4.357   6.992   5.213   2.456   3.498   2.224   1.267   5.283    2.84   8.556   14.24   2.676   10.79   7.801
   5.885   10.52   6.059   7.342   4.474   7.021   5.124   2.541   3.439   2.125   1.178   5.262   2.704   8.524   14.32   2.579    10.9   7.597
   5.952   10.51   5.982   7.354   4.567   6.988    5.05   2.614   3.377   2.031   1.087   5.252   2.595   8.518    14.4   2.491   11.05   7.424
   5.986   10.45   5.894   7.346   4.631     6.9   4.999   2.672   3.317   1.952  0.9982   5.251    2.52   8.541   14.45   2.421   11.23   7.301
   5.984   10.36   5.803   7.318   4.664   6.768   4.981   2.712   3.266   1.893  0.9184   5.254   2.485   8.592   14.47    2.38    11.4   7.239
   5.948   10.23    5.72   7.275   4.666   6.605   5.003   2.734   3.232   1.855  0.8581   5.256   2.488   8.671   14.45   2.369   11.57   7.242
   5.882   10.08   5.653   7.224   4.641   6.427   5.065   2.737   3.221   1.837  0.8299   5.254   2.523   8.771   14.38   2.384    11.7   7.307
   5.791   9.907   5.608   7.169   4.592   6.254   5.165   2.724   3.239   1.836  0.8468   5.244   2.585   8.886   14.28   2.418   11.79   7.422
   5.683   9.728   5.584   7.123   4.529   6.102   5.294   2.697   3.284   1.847  0.9112   5.225   2.667   9.012   14.16   2.458   11.83    7.57
   5.568   9.554   5.583   7.085   4.458   5.986   5.442   2.661   3.354   1.868   1.008   5.196   2.765   9.134   14.02   2.498   11.83   7.735
   5.456   9.396   5.597   7.064   4.387   5.915   5.595   2.619    3.44   1.895   1.119   5.159   2.871   9.252   13.88   2.526   11.78   7.895
   5.353   9.267    5.62    7.06   4.323   5.891   5.738   2.574   3.535   1.927   1.228   5.115   2.981   9.359   13.74   2.538    11.7   8.036
   5.266   9.179   5.647   7.077    4.27   5.906   5.859   2.532   3.627   1.962   1.322   5.076   3.088   9.452   13.62   2.531   11.61   8.147
   5.197   9.141    5.67   7.109    4.23    5.95   5.947   2.494   3.707   1.999   1.395   5.046   3.185    9.53   13.54   2.504   11.52   8.219
   5.145   9.161   5.688   7.159   4.201   6.008   5.994   2.466   3.768   2.036   1.437   5.034   3.267   9.591    13.5   2.459   11.42   8.247
   5.109   9.242     5.7   7.219   4.182   6.062   5.995    2.45   3.804   2.072   1.448    5.05   3.328   9.646   13.49   2.399   11.35   8.234
   5.086   9.383   5.708   7.289   4.168     6.1    5.95   2.447   3.813   2.105   1.426   5.098   3.368   9.698    13.5    2.33   11.28   8.186
    5.07   9.582   5.719   7.366   4.154   6.113   5.862   2.458   3.796   2.136   1.371   5.181   3.387   9.751   13.54   2.257   11.21   8.109
   5.061   9.828   5.739    7.44   4.136   6.098   5.738   2.483   3.756   2.164   1.289   5.296    3.39   9.811    13.6   2.187   11.15   8.016
   5.055   10.11   5.775   7.513   4.111   6.057   5.586   2.522   3.699   2.191   1.185   5.435   3.383   9.884   13.65   2.123   11.07    7.92
   5.053    10.4   5.836   7.578   4.077   5.997    5.42    2.57   3.628   2.219   1.069   5.586   3.369   9.964   13.69   2.072   10.98   7.835
   5.054   10.69   5.925   7.637   4.032   5.927   5.254   2.627   3.551   2.247   0.952   5.738   3.357   10.05   13.72   2.037   10.86   7.773
   5.061   10.97   6.042   7.688    3.98   5.857     5.1    2.69   3.478   2.275  0.8489    5.88   3.347   10.15   13.73   2.019   10.72   7.743
   5.073   11.21   6.182   7.726   3.922   5.796   4.972   2.753   3.412     2.3   0.777   6.003   3.341   10.24   13.71   2.017   10.56   7.748
   5.092    11.4   6.333   7.757   3.862   5.751   4.881   2.813   3.363   2.319  0.7512   6.103   3.337   10.32   13.68   2.027   10.38   7.789
   5.118   11.52   6.483   7.769   3.808   5.727   4.831   2.867   3.334   2.327  0.7741   6.175    3.33   10.39   13.64   2.046   10.21   7.861
    5.15   11.58   6.615   7.773   3.765   5.724   4.826   2.909   3.327   2.321  0.8357   6.218   3.318   10.42    13.6   2.068   10.04   7.957
    5.19   11.55   6.715   7.765   3.739   5.745   4.861   2.938   3.343   2.299  0.9181   6.239   3.298   10.42   13.55   2.088   9.899   8.063
